0
0.363636342789
0.661156986889
0.90458296862
1.1037496813
1.26670426488
1.40003074295
1.50911604384
1.59836765439
1.67139170015
1.73113864748
1.78002251428
1.82001840612
1.85274231844
1.87951642933
1.90142252084
1.9193456874
1.93401009714
1.9460082513
1.95582492357
1.963856747
1.97042823954
1.97580491585
1.98020401523
1.9838032789
1.9867481315
1.98915755684
1.9911289053
1.99274182719
1.99406149095
1.99514121622
1.99602462815
1.99674742005
1.99733879555
1.99782264851
1.99821852846
1.99854243048
1.99880744144
1.9990242688
1.99920167319
1.99934682241
1.99946558103
1.99956274732
1.99964224715
1.99970729259
1.99976051169
1.99980405471
1.99983968091
1.9998688297
1.99989267879
1.99991219176
1.99992815699
1.9999412195
1.99995190707
1.99996065149
1.99996780607
1.99997365985
1.99997844935
1.99998236806
1.99998557432
1.99998819764
1.99999034402
1.99999210017
1.99999353704
1.99999471269
1.99999567459
1.99999646162
1.99999710556
1.99999763244
1.99999806353
1.99999841625
1.99999870485
1.99999894098
1.99999913419
1.99999929227
1.99999942162
1.99999952745
1.99999961404
1.9999996849
1.99999974287
1.99999979031
1.99999982912
1.99999986088
1.99999988687
1.99999990813
1.99999992553
1.99999993977
1.99999995142
1.99999996095
1.99999996875
1.99999997513
1.99999998035
1.99999998463
1.99999998812
1.99999999098
1.99999999333
1.99999999524
1.99999999681
1.99999999809
1.99999999914
