2.37432110769
6.25764976004
7.73481274527
12.1996159042
26.6524417316
31.8826828507
32.6112073499
33.7157516715
35.7714197634
33.6935221121
33.6935221121
32.4883954132
32.4883954132
33.9056617623
34.4653810327
30.5188552732
30.5188552732
30.5188552732
34.8957097365
34.8957097365
38.0350923798
38.0350923798
37.8342078928
37.8342078928
39.8754490714
39.5055783287
38.6332683592
36.504264851
36.7789386303
34.3038317033
31.4071100908
29.5292770687
25.0242789649
18.0753111461
15.1536266425
12.9409746599
8.70299764442
6.8384118515
3.17168523377
3.17191205304
0.00286310335531
0.00333191983979
0.00305594873341
0.00278267032895
0.00304084920495
0.0032980771076
0.00347283075492
0.00373054378219
0.00327018502675
0.00323644542696
5.00068418121
8.88401283356
14.3396983175
18.8045014765
33.5348874611
38.9704678479
42.5846602155
43.6892045371
43.9356745671
41.8577769158
41.8577769158
40.6526502169
40.6526502169
42.069916566
42.6296358365
40.3876878254
40.3876878254
40.3876878254
40.7099465607
40.7099465607
40.6465368264
40.6465368264
40.4456523394
40.4456523394
40.534112078
40.1642413352
39.7013276386
37.5723241304
37.8469979096
35.3718909827
36.0690390477
34.5510000745
31.608773218
28.3890419792
25.4673574756
23.254705493
14.8819457564
13.0173599635
9.35063334577
4.1423979105
0.973348960814
0.973817777299
0.973541806192
0.00277474601733
0.00353277602092
0.00319557185408
0.00316939388771
0.00385303527432
0.00376324484908
0.00391351866337
5.68769699119
9.57102564355
15.0267111275
19.4915142865
36.2695976288
39.8700447239
43.4842370915
44.5887814131
44.8352514431
42.7573537919
42.7573537919
44.0782110376
44.0782110376
45.4954773867
46.0551966571
42.6281323318
42.6281323318
42.6281323318
42.9503910671
42.9503910671
41.9717820918
41.9717820918
41.5104912927
41.5104912927
41.5989510312
41.2290802885
40.7661665919
38.6371630836
38.9118368629
36.1147053582
36.8118534232
35.29381445
32.3515875935
31.6915949098
29.6862745504
26.6410673135
18.2683075769
16.403721784
12.7369951663
7.52875973099
4.3597107813
0.973180562596
0.97290459149
0.002137531315
0.0028955613186
0.00255835715176
0.00253217918539
0.0034000350578
0.00295288680887
0.00325163888677
8.31935277777
12.2026814301
17.6583669141
22.123170073
38.6084129309
42.2088600259
45.8230523935
44.9992160657
45.2456860957
43.1677884445
43.1677884445
44.4886456902
44.4886456902
50.8163999587
51.3761192292
46.2012968425
46.2012968425
46.2012968425
46.5235555778
46.5235555778
45.3936842096
45.3936842096
44.9323934105
44.9323934105
45.0208531491
42.6242538035
42.1613401069
40.0323365986
40.3070103779
37.5098788732
38.2070269382
36.1624723483
33.2202454918
32.5602528081
30.5549324487
30.2589229813
22.2905128923
18.9994316148
15.3327049971
10.1244695618
6.95542061214
3.49269062913
3.49343600266
0.00206182269957
0.00281985270316
0.00248264853632
0.00245647056995
0.00332432644237
0.0029583387937
0.00307555937402
8.65662380732
12.5399524597
17.9956379436
25.1455458417
39.7531351394
43.3535822345
46.9677746021
46.1439382742
46.3904083043
44.4815212228
44.4815212228
45.8023784685
45.8023784685
52.1301327371
50.6915489594
50.2970054895
50.2970054895
50.2970054895
50.2006278019
50.2006278019
48.8769524937
48.8769524937
48.4156616946
48.4156616946
48.5041214332
46.1075220876
45.644608391
43.918790856
44.1934646352
41.3963331305
42.0934811955
40.0489266056
37.1066997491
34.3124941364
32.307173777
32.0111643097
25.1942593596
23.4501815304
19.8781046889
14.7354087402
7.94265722702
4.4138584641
4.41460383764
0.925061281884
0.925039845318
0.925082436989
0.00301766261059
0.00355033083974
0.0028757930274
0.00299301360772
11.6274651683
19.0236891942
24.4793746782
31.5454203886
43.8592859758
44.4408196226
48.0550119902
47.2311756623
46.0587794272
44.1498923457
44.1498923457
48.9486611525
48.9486611525
52.3217804054
50.6249438096
50.2304003397
50.2304003397
50.2304003397
51.921086782
51.921086782
50.0573159629
50.0573159629
49.5960251638
49.5960251638
49.6844849024
47.2878855568
46.8249718602
45.0991543252
45.3738281044
41.4858261724
42.1829742374
40.1384196475
38.5820921833
35.7878865706
33.7825662112
33.4865567438
30.0213162139
29.4514149308
27.7980047953
22.58976936
15.8862661103
12.4997358916
7.63524682741
4.14570427165
0.924834445725
0.924877037397
0.0029733174781
0.00334493124706
0.00277794372186
0.00289516430218
13.7770458032
21.1732698292
26.6289553131
33.7788632113
44.0547492535
44.6362829003
48.250475268
47.4266389401
46.2542427049
44.3453556235
44.3453556235
49.1441244303
49.1441244303
52.537234258
50.8403976622
50.8306281223
50.8306281223
50.8306281223
52.5213145646
52.5213145646
49.7529479327
49.7529479327
49.9851306641
49.9851306641
50.0735904026
47.6769910571
47.2140773604
45.4882598254
45.2363562523
41.3483543202
42.0455023852
40.0009477953
38.4446203311
35.6504147184
32.6772210847
32.3812116173
28.9159710874
28.3460698043
28.4159967787
25.3582982204
17.6757896922
14.2892594735
9.5729998404
6.03616598036
2.86258745872
2.86263005039
1.79249689937
0.00252836234403
0.00196137481883
0.00207859539915
17.3642440611
24.7604680871
30.216153571
37.1456986259
46.2912922578
46.8728259046
45.3663132796
44.5424769517
43.3700807166
41.4611936351
41.4611936351
46.2599624419
46.2599624419
52.123164293
50.4263276972
50.4165581572
50.4165581572
50.4165581572
53.367636827
53.367636827
51.0903777785
51.0903777785
51.3225605099
51.3225605099
51.7979540365
49.401354691
48.9384409943
47.2126234593
46.9607198862
43.0727179541
41.3329879398
39.2884333498
37.7321058857
34.9379002729
31.9647066393
31.6686971719
28.049008047
27.479106764
27.5490337383
24.4913351801
21.4828292758
18.0962990571
13.4097581636
6.3060541718
3.08518434588
3.08522693755
2.0642014025
0.225125249505
0.22455826198
0.00222544031081
21.3447080968
28.6176514608
36.5299858651
42.3775566701
47.9356468236
48.5171804704
47.0106678454
46.1868315175
45.2824210363
43.3735339548
43.3735339548
42.713407726
42.713407726
49.0411619945
51.9985560909
51.988786551
51.988786551
51.988786551
54.9398652208
54.9398652208
58.4179716467
58.4179716467
60.1955638891
60.1955638891
60.6709574157
58.2743580702
57.4936310938
55.7678135588
55.5159099857
49.7175561318
47.9778261174
45.9332715275
44.3769440633
37.6604421945
34.6872485608
29.7683332077
26.1486440828
25.5787427998
25.6486697741
27.6260994888
27.1158597175
24.9993604283
20.3128195348
13.2109318547
10.0698982959
5.34356408834
4.42196871495
0.225410315027
0.224843327501
0.00251050583203
24.5585643281
31.819641832
38.7564919338
44.434380411
49.9924705645
50.5740042113
49.0674915863
47.4725674787
46.5681569974
44.659269916
44.659269916
43.9991436872
43.9991436872
44.6778913693
49.8867579515
56.124364619
56.124364619
56.124364619
59.0754432887
59.0754432887
64.0885754442
64.0885754442
65.8661676866
65.8661676866
66.3415612132
64.8887111389
64.1079841626
62.3821666276
62.1302630544
56.3319092005
54.5921791862
50.3166332404
48.7603057762
42.0438039074
39.0706102737
34.1516949206
30.5320057957
24.8528406051
24.9227675795
26.9001972941
26.3899575229
26.46724609
22.5496223605
14.1614545916
11.0165226523
6.24782219846
5.32622682508
1.12966842515
1.12910143762
0.906768615954
25.6923237325
32.9652670964
41.0137811496
44.2299870425
49.788077196
50.3696108428
48.8630982178
47.2681741102
46.363763629
46.7240535523
46.7240535523
46.0639273235
46.0639273235
46.7426750056
51.9515415878
55.3046755874
55.3046755874
55.3046755874
66.141695845
66.141695845
72.3220735068
72.3220735068
74.0996657492
74.0996657492
74.5750592758
73.1222092015
72.3414822252
67.3453137586
67.0934101854
61.2950563315
59.5553263172
55.2797803714
53.7234529072
45.6361818712
42.6629882375
37.7440728844
34.1243837595
28.445218569
28.5151455433
30.492575258
26.803338788
26.8806273551
22.9630036256
17.3499654728
14.208931914
9.63544684126
5.32696194579
1.13040354586
1.12983655833
0.907503736666
27.8037038249
35.0766471888
42.7920323531
46.008238246
51.5663283995
50.3693202525
48.8628076275
47.2678835199
46.3634730387
46.723762962
46.723762962
46.675383442
46.675383442
47.3541311241
52.5629977063
55.9161317059
55.9161317059
55.9161317059
67.4182254299
67.4182254299
74.3418103683
74.3418103683
82.964214682
82.964214682
83.4396082087
81.9867581344
81.206031158
76.2098626914
75.9579591183
66.6429259486
64.9031959342
60.6276499884
59.0713225243
50.9840514883
48.0108578546
43.0919425014
36.0904969926
30.411331802
30.4812587764
32.458688491
28.7694520211
28.8467405882
26.0109542403
20.4168407167
17.2758071579
12.6309872383
8.32250234283
4.12594394291
1.12979933788
0.907466516206
29.8261199968
37.7680370329
45.151697806
48.3679036989
52.670016189
51.473008042
49.966495417
48.3715713094
47.5391123184
47.8994022417
47.8994022417
47.8510227217
47.8510227217
48.5297704038
58.0155812451
63.5405001301
63.5405001301
63.5405001301
75.0425938541
75.0425938541
81.0087067365
81.0087067365
99.5962643236
99.5962643236
100.992847156
99.5399970818
98.7592701055
93.7631016388
91.4494805364
82.1344473667
80.3947173523
76.1191714065
69.389061074
61.3017900379
55.81597223
50.8970568768
43.895611368
38.2164461774
33.4108737521
35.3883034668
27.5362114242
27.6134999913
24.7777136435
24.4233379713
21.6453606834
17.1177283116
12.8092434161
5.74557650329
2.74943189825
2.52648293055
30.9632327296
38.9051497657
46.1279365164
49.3441424093
53.6462548994
52.4492467524
50.6093211099
49.0143970023
48.1819380113
48.5422279346
48.5422279346
48.4938484146
48.4938484146
49.1725960967
58.658406938
64.183325823
64.183325823
64.183325823
80.4923077712
80.4923077712
86.4584206536
86.4584206536
105.045978241
105.045978241
107.16068744
105.707837366
104.92711039
99.9309419232
97.6173208207
88.302287651
87.1901994862
82.9146535404
76.1845432078
68.0972721718
62.6114543639
57.6925390107
46.852723925
41.1735587344
36.3679863091
38.3454160238
30.4933239812
30.5706125483
27.7348262005
25.4244302666
24.362559754
19.8790800882
15.5880108465
8.58179388374
5.5152443076
2.52698512976
31.2932718932
39.3604188072
47.0590211871
50.27522708
54.5773395701
53.3803314231
51.5404057806
49.945481673
52.3477062883
52.7079962117
52.7079962117
52.6596166916
52.6596166916
53.3383643737
62.8241752151
68.3490941
68.3490941
68.3490941
84.6580760483
84.6580760483
94.3924256079
94.3924256079
112.979983195
112.979983195
112.972196173
111.519346099
108.342172985
103.346004519
101.032383416
91.7173502467
90.6052620819
86.3297161361
79.5996058035
72.3677381363
66.8819203283
61.9630049752
51.1231898895
45.4440246989
40.6384522736
35.205368276
27.3532762335
27.4305648006
24.5947784527
22.2843825188
22.0188913149
21.1727885556
16.8817193139
9.87550235113
6.808952775
3.82069359716
32.3927012124
40.3346182485
48.1695357819
51.4859202882
56.0500706944
54.8530625474
53.0131369049
51.7905726965
54.1927973118
54.5530872352
54.5530872352
57.3878085297
57.3878085297
57.4395070559
66.9253178972
72.4502367821
72.4502367821
72.4502367821
88.7592187304
88.7592187304
98.49356829
98.49356829
119.154677675
119.154677675
117.516694265
112.34887311
109.171699997
104.17553153
101.861910428
97.0810613245
95.9689731597
97.2475748947
90.5174645622
83.2855968949
77.7997790869
70.6858254552
59.8460103695
51.6233861856
46.8178137603
41.3847297628
33.5326377202
30.0605405571
27.2247542093
22.3511173389
22.0856261349
23.4646257642
20.5854953465
11.5712547397
8.50470516353
5.51644598569
32.8481684096
40.7900854458
48.6250029792
52.8963454791
57.4604958854
56.2634877383
54.4235620958
53.2009978874
55.6032225028
55.0825562342
55.0825562342
57.9172775287
57.9172775287
57.9689760549
67.4547868963
72.785966755
72.785966755
72.785966755
89.0949487032
89.0949487032
98.8292982629
98.8292982629
120.995676356
120.995676356
119.357692947
114.189871791
111.012698678
107.587495925
105.273874823
100.493025719
99.3809375547
100.65953929
93.9294289571
86.6512335572
81.1654157493
74.0514621176
63.2116470318
54.989022848
50.1834504226
44.7503664251
33.9306826721
30.4585855089
27.6227991611
22.7491622907
22.4836710868
23.862670716
22.4487156267
12.9585781296
9.89202855344
6.9037693756
33.0511664837
41.1335221877
49.0301928973
53.1225911803
57.6867415866
57.117473575
55.2775479325
54.0549837241
56.4572083394
55.9365420709
55.9365420709
57.8149862991
57.8149862991
57.8666848253
67.3524956666
72.6836755254
72.6836755254
72.6836755254
86.1155790907
86.1155790907
95.8499286503
95.8499286503
119.136642942
119.136642942
120.014078868
114.846257712
111.669084599
108.243881846
105.930260744
105.42569337
104.313605205
105.59220694
98.8620966073
91.5839012074
86.0980833994
78.9841297677
66.1307988465
57.9081746627
53.1026022373
47.6695182398
36.8498344868
33.3777373236
27.9129159864
23.039279116
22.7737879121
24.1527875413
22.7435689392
14.265008751
9.89253557129
6.90427639345
33.0505226204
41.055695017
48.8906125504
53.4065545745
57.9707049807
57.4014369692
55.5615113267
54.3389471183
56.1542990366
55.633632768
55.633632768
57.5120769962
57.5120769962
57.5637755224
68.3738760094
73.7050558681
73.7050558681
73.7050558681
87.1369594335
87.1369594335
96.8552036302
96.8552036302
120.141917921
120.141917921
121.457450121
116.289628965
113.112455852
109.687253099
107.373631997
106.869064623
105.756976458
107.035578193
108.280790883
101.002595483
95.5167776751
88.4028240434
75.5494931222
67.3268689383
56.433353256
51.0002692584
40.1805855054
36.7084883423
31.2436670051
26.3700301347
21.9162439192
23.2952435484
21.8860249463
15.2367590578
10.8966080358
7.84794303873
32.6626345947
40.6644229444
48.3696681277
52.4393646058
56.1491105981
55.5798425866
56.4363872501
55.2138230417
57.02917496
56.5085086914
56.5085086914
58.3869529196
58.3869529196
58.4386514458
69.2487519328
77.7818005468
77.7818005468
77.7818005468
86.1527540899
86.1527540899
95.8709982866
95.8709982866
113.772551684
113.772551684
115.954107243
115.940800637
112.763627523
109.338424771
107.729641751
107.225074377
106.306258683
107.584860418
108.830073107
101.551877708
98.6079349611
91.4939813294
80.5963395814
72.3737153975
61.4801997152
56.0471157177
42.1741853866
38.7020882235
33.2372668863
26.421783698
21.9679974825
23.3469971117
21.9377785096
17.3546353585
12.9821621788
9.19825080592
32.1430419995
39.9382845311
48.0641107073
52.1338071853
55.8435531777
55.2742851661
56.1308298296
54.9082656212
56.6228210258
56.1021547573
56.1021547573
57.9805989855
57.9805989855
58.0322975117
68.8423979986
77.3754466127
77.3754466127
77.3754466127
85.7464001557
85.7464001557
91.2861449144
91.2861449144
109.187698312
109.187698312
111.369253871
118.691665675
111.379547017
107.954344264
106.345561244
105.84099387
104.922178176
106.200779911
107.445992601
109.29350172
106.349558974
99.2356053422
88.3379635943
80.1153394104
69.221823728
57.924759869
44.0518295379
40.5797323748
35.1149110376
28.2994278493
23.8456416338
22.5249843116
21.1157657095
17.63331431
13.5605167871
9.77660541426
30.318816168
38.3452665799
46.4427390549
50.6379169636
57.2026676738
56.6333996622
57.4899443257
56.2673801173
57.9819355219
57.4612692534
57.4612692534
58.7082601772
58.7082601772
58.7599587034
69.5700591903
78.1031078044
78.1031078044
78.1031078044
86.4740613474
86.4740613474
92.0138061061
92.0138061061
100.225415818
100.225415818
102.406971377
117.936695664
114.423742676
110.998539923
109.389756903
103.387649201
102.468833506
103.747435241
104.992647931
106.840157051
103.896214304
101.264314275
90.3666725267
82.1440483428
71.2505326604
59.9534688014
46.0805384703
39.1393267775
33.6745054403
26.859022252
22.4052360366
21.0845787144
19.6753601123
18.6094109239
14.2369377442
10.4530263713
28.940858828
37.0104581002
45.0647817149
49.595139941
56.1598906512
55.5906226396
56.4471673031
57.489384658
59.2039400625
58.683273794
58.683273794
59.9302647178
59.9302647178
58.2717456282
69.0818461152
77.6148947292
77.6148947292
77.6148947292
85.9858482723
85.9858482723
91.525593031
91.525593031
99.7372027425
99.7372027425
101.918758302
106.24471264
106.272573409
110.540560537
109.239416607
103.237308904
102.31849321
101.446480119
102.691692809
104.539201928
101.595259182
98.9633591523
88.0657174043
84.1162548774
73.222739195
61.925675336
48.0527450049
41.1115333122
35.6467119749
26.5990942733
22.1453080578
20.8246507356
19.4154321335
18.3783434923
14.4669863294
10.701203494
24.3706402375
32.4402395097
40.4945631244
48.5673141083
55.1320648185
58.0309586793
58.8875033429
59.9297206977
61.6442761023
61.6115331114
61.6115331114
61.3918483552
61.3918483552
59.7333292657
70.5434297526
76.133651691
76.133651691
76.133651691
81.5675681224
81.5675681224
87.1073128811
87.1073128811
95.3189225926
95.3189225926
97.5004781518
101.82643249
101.854293259
104.901329826
103.70035664
98.6130897004
97.6942740059
96.8222609153
98.0674736051
104.451342418
103.495059919
102.14830098
92.0348248952
88.0853623682
77.1918466859
65.8947828268
46.1796984292
39.2384867364
33.6481683829
24.6005506813
20.1467644658
18.8261071436
18.9375130141
17.900424373
14.6385297324
10.8349660897
24.3706758673
30.5617352676
38.6160588822
46.7792816017
55.3210095558
58.2199034167
59.0764480802
60.118665435
63.5425000727
61.8057184331
61.8057184331
65.3545044152
65.3545044152
63.6959853256
67.1054143635
72.6956363019
72.6956363019
72.6956363019
78.1295527333
78.1295527333
79.2580708466
79.2580708466
87.4696805581
87.4696805581
89.6512361173
93.9771904556
94.0050512242
97.052087792
95.8511146059
97.8774534768
95.5717692321
96.6808831792
95.3437824613
100.964039206
100.007756708
100.373103597
94.4676696981
90.5182071712
79.3754255245
68.0783616654
48.3632772678
41.422065575
35.8317472215
26.7841295198
20.1027835168
18.7821261946
18.8935320652
17.856443424
14.4145307229
10.6109670802
21.2919022036
27.4829616038
35.5372852185
43.700507938
54.9576006577
57.8564945185
58.7130391821
59.7552565369
64.8025287426
63.065747103
63.065747103
64.9910955171
64.9910955171
63.3325764275
66.7420054654
70.9804144749
70.9804144749
70.9804144749
76.4143309064
76.4143309064
77.5428490197
77.5428490197
83.1991304677
83.1991304677
85.3806860269
89.7066403652
89.7345011338
92.7815377016
91.9818147522
94.0081536231
91.7024693785
92.8115833255
91.4744826077
97.0947393526
95.7447532613
93.1128532317
82.999377147
79.0499146201
67.9071329733
56.6100691143
43.6765603061
36.7353486134
31.1450302599
22.0974125582
15.4160665552
14.095409233
14.2068151035
16.7770750292
13.8998142045
10.2568072056
16.7263111021
22.9173705024
28.2701232793
36.4333459988
51.039031849
53.9379257099
56.7464060782
57.788623433
60.7136861257
60.6809431348
60.6809431348
60.4612583786
60.4612583786
58.802739289
62.2121683269
66.4505773365
66.4505773365
66.4505773365
70.2279025449
70.2279025449
73.252078055
73.252078055
78.908359503
78.908359503
80.0330209409
84.3589752792
85.0952126434
88.1422492112
87.3425262618
89.3688651327
89.7040204285
90.8131343755
89.4760336577
94.0914971944
91.1996215304
88.5677215007
75.081419346
71.1319568191
59.9891751724
59.1953904858
46.2618816776
39.3206699848
33.7303516314
23.6150250432
16.9336790401
15.4171075389
15.5285134095
17.2939081182
13.0979358996
9.81234573585
13.3808903449
19.5719497452
24.9247025221
33.0879252416
50.1823727622
53.081266623
55.8897469913
56.9319643461
59.8570270388
59.8242840479
59.8242840479
61.1146356046
61.1146356046
59.4561165151
62.865545553
67.1039545625
67.1039545625
67.1039545625
70.881279771
70.881279771
73.905455281
73.905455281
76.9131617848
76.9131617848
78.0378232226
82.3637775609
83.1000149252
86.1470514929
85.3473285436
90.2156011653
90.550756461
91.659870408
90.3227696902
94.938233227
95.5752108186
82.2501491551
68.7638470004
64.8143844735
53.6716028267
52.8778181401
39.944309332
36.2932706799
30.7029523264
20.5876257382
13.9062797351
12.3897082339
12.5011141045
16.8948758576
12.5670212076
9.41331347531
8.36725748843
14.5583168887
19.9110696656
28.0742923851
47.1531731618
50.3308277453
53.1393081136
57.9203284671
60.8453911597
60.8126481688
60.8126481688
62.1029997255
62.1029997255
62.1786715091
65.588100547
69.8265095566
69.8265095566
69.8265095566
73.603834765
73.603834765
76.6280102751
76.6280102751
79.6357167788
79.6357167788
80.7603782166
80.7655906105
81.5018279747
84.5488645425
83.7491415931
88.6174142148
88.9525695106
94.0645543719
92.7274536541
95.0690873318
95.2870747281
85.0146059893
71.5283038346
68.4657302592
57.3229486125
56.5291639259
43.5956551178
39.9446164656
34.3542981122
20.7221201344
14.0407741313
12.5242026302
12.6356085007
15.5276430878
11.2379045131
8.04608070553
8.36705549811
14.5581148984
19.9108676753
24.1098084995
43.1886892761
47.2418587642
50.9700346711
55.7510550246
58.6761177173
61.6765338531
61.6765338531
62.9668854098
62.9668854098
63.0425571934
66.4519862313
71.8468151175
71.8468151175
71.8468151175
75.6241403259
75.6241403259
78.648315836
78.648315836
81.6560223397
81.6560223397
82.7806837775
82.7858961714
83.5221335356
88.7064367365
87.9067137872
92.7749864089
93.1101417046
96.1729627644
91.7987540375
91.9165242168
89.547694583
74.1087652011
60.6224630465
57.5598894711
46.4171078243
45.6233231377
38.9481591879
35.2971205357
29.7068021823
16.0746242045
9.39327820145
7.87670670026
11.5804270729
14.7466825058
10.4370817805
7.26512012346
4.92173475754
5.28273777729
10.6354905542
14.8344313783
33.913312155
38.16530112
44.0059442033
48.7869645568
53.9192402228
56.9196563586
56.9196563586
59.4466405745
59.4466405745
59.5223123581
62.3234258035
67.7182546897
67.7182546897
67.7182546897
70.9397238766
70.9397238766
72.887488381
72.887488381
78.4362094635
78.4362094635
83.4974339061
82.437356597
83.7554907684
83.8087110122
84.1846887236
86.6665357847
85.7068199081
88.4950967782
86.8510025711
86.9687727505
80.7642778944
65.3253485126
52.0585304105
48.9959568351
45.2879696888
44.4941850022
37.8190210524
34.1679824002
26.202730139
12.5705521612
10.8659071741
9.3493356729
13.0530560455
10.515487548
8.65935663183
5.37376646811
4.92173475754
5.28273777729
10.6354905542
14.8344313783
33.913312155
38.16530112
44.0059442033
48.7869645568
53.9192402228
56.9196563586
56.9196563586
59.4466405745
59.4466405745
59.5223123581
62.3234258035
67.7182546897
67.7182546897
67.7182546897
70.9397238766
70.9397238766
72.887488381
72.887488381
78.4362094635
78.4362094635
83.4974339061
82.437356597
83.7554907684
83.8087110122
84.1846887236
86.6665357847
85.7068199081
88.4950967782
86.8510025711
86.9687727505
80.7642778944
65.3253485126
52.0585304105
48.9959568351
45.2879696888
44.4941850022
37.8190210524
34.1679824002
26.202730139
12.5705521612
10.8659071741
9.3493356729
13.0530560455
10.515487548
8.65935663183
5.37376646811
4.92173475754
5.28273777729
10.6354905542
14.8344313783
33.913312155
38.16530112
44.0059442033
48.7869645568
53.9192402228
56.9196563586
56.9196563586
59.4466405745
59.4466405745
59.5223123581
62.3234258035
67.7182546897
67.7182546897
67.7182546897
70.9397238766
70.9397238766
72.887488381
72.887488381
78.4362094635
78.4362094635
83.4974339061
82.437356597
83.7554907684
83.8087110122
84.1846887236
86.6665357847
85.7068199081
88.4950967782
86.8510025711
86.9687727505
80.7642778944
65.3253485126
52.0585304105
48.9959568351
45.2879696888
44.4941850022
37.8190210524
34.1679824002
26.202730139
12.5705521612
10.8659071741
9.3493356729
13.0530560455
10.515487548
8.65935663183
5.37376646811
4.92173475754
5.28273777729
10.6354905542
14.8344313783
33.913312155
38.16530112
44.0059442033
48.7869645568
53.9192402228
56.9196563586
56.9196563586
59.4466405745
59.4466405745
59.5223123581
62.3234258035
67.7182546897
67.7182546897
67.7182546897
70.9397238766
70.9397238766
72.887488381
72.887488381
78.4362094635
78.4362094635
83.4974339061
82.437356597
83.7554907684
83.8087110122
84.1846887236
86.6665357847
85.7068199081
88.4950967782
86.8510025711
86.9687727505
80.7642778944
65.3253485126
52.0585304105
48.9959568351
45.2879696888
44.4941850022
37.8190210524
34.1679824002
26.202730139
12.5705521612
10.8659071741
9.3493356729
13.0530560455
10.515487548
8.65935663183
5.37376646811
4.92173475754
5.28273777729
10.6354905542
14.8344313783
33.913312155
38.16530112
44.0059442033
48.7869645568
53.9192402228
56.9196563586
56.9196563586
59.4466405745
59.4466405745
59.5223123581
62.3234258035
67.7182546897
67.7182546897
67.7182546897
70.9397238766
70.9397238766
72.887488381
72.887488381
78.4362094635
78.4362094635
83.4974339061
82.437356597
83.7554907684
83.8087110122
84.1846887236
86.6665357847
85.7068199081
88.4950967782
86.8510025711
86.9687727505
80.7642778944
65.3253485126
52.0585304105
48.9959568351
45.2879696888
44.4941850022
37.8190210524
34.1679824002
26.202730139
12.5705521612
10.8659071741
9.3493356729
13.0530560455
10.515487548
8.65935663183
5.37376646811
4.92173475754
5.28273777729
10.6354905542
14.8344313783
33.913312155
38.16530112
44.0059442033
48.7869645568
53.9192402228
56.9196563586
56.9196563586
59.4466405745
59.4466405745
59.5223123581
62.3234258035
67.7182546897
67.7182546897
67.7182546897
70.9397238766
70.9397238766
72.887488381
72.887488381
78.4362094635
78.4362094635
83.4974339061
82.437356597
83.7554907684
83.8087110122
84.1846887236
86.6665357847
85.7068199081
88.4950967782
86.8510025711
86.9687727505
80.7642778944
65.3253485126
52.0585304105
48.9959568351
45.2879696888
44.4941850022
37.8190210524
34.1679824002
26.202730139
12.5705521612
10.8659071741
9.3493356729
13.0530560455
10.515487548
8.65935663183
5.37376646811
4.92173475754
5.28273777729
10.6354905542
14.8344313783
33.913312155
38.16530112
44.0059442033
48.7869645568
53.9192402228
56.9196563586
56.9196563586
59.4466405745
59.4466405745
59.5223123581
62.3234258035
67.7182546897
67.7182546897
67.7182546897
70.9397238766
70.9397238766
72.887488381
72.887488381
78.4362094635
78.4362094635
83.4974339061
82.437356597
83.7554907684
83.8087110122
84.1846887236
86.6665357847
85.7068199081
88.4950967782
86.8510025711
86.9687727505
80.7642778944
65.3253485126
52.0585304105
48.9959568351
45.2879696888
44.4941850022
37.8190210524
34.1679824002
26.202730139
12.5705521612
10.8659071741
9.3493356729
13.0530560455
10.515487548
8.65935663183
5.37376646811
1.47639484927
1.83739786902
7.19015064594
11.3890914701
22.322531055
26.57452002
32.8576726394
37.6209140358
46.4351525395
48.8344414916
48.8344414916
55.409438175
55.409438175
56.5643357468
59.3654491921
62.4087988551
62.4087988551
62.4087988551
64.8856782801
64.8856782801
70.5493554629
70.5493554629
72.485012133
72.485012133
74.8262712478
73.7661939387
75.0843281101
75.1375483539
76.3432700981
78.8251171592
78.2555425252
81.0438193954
79.3997251883
66.8708556352
53.5760085243
38.1370791425
24.8878142283
21.8252406529
18.1172535066
17.32346882
28.8657662971
25.214727645
17.2494753837
11.1362034456
9.43155845844
7.91498695725
9.42898925572
6.36872481395
4.53682713124
4.27553286019
1.47695858813
1.83796160787
1.83785955716
6.03680038129
16.9702399662
21.2222289312
27.5053815506
32.268622947
43.6703337315
46.0696226835
46.0696226835
52.7637628221
52.7637628221
55.7621723608
59.2273169461
63.2082849441
63.2082849441
63.2082849441
65.685164369
65.685164369
67.6583992997
67.6583992997
70.0412562435
70.0412562435
71.9531510396
71.8256322764
75.4640524172
75.517272661
76.7229944051
79.2048414663
78.6352668323
81.4235437025
76.7721437135
63.7038356478
50.4089885369
34.9700591551
21.7207942409
18.6582206655
14.9502335192
17.1665942851
28.7088917622
23.7245605848
17.0926008488
10.9793289107
9.27468392352
5.6738562342
7.83961899484
4.77935455308
2.99388507452
2.73259080347
1.47632285776
1.8373258775
1.83722382679
6.03616465093
10.038903785
14.1885672227
20.5846397546
25.347881151
36.7495919354
39.1488808875
39.1488808875
51.1185079649
51.1185079649
55.4558646394
58.9210092247
62.7376504277
62.7376504277
62.7376504277
65.2145298526
65.2145298526
67.1877647833
67.1877647833
67.9384034207
67.9384034207
69.8502982169
69.8555106107
74.2964927756
74.3497130194
75.5554347635
76.9084109555
70.931416685
76.7794619052
63.6651144157
50.59680635
37.3019592391
34.3778135074
21.1285485931
18.0659750177
14.3579878714
16.5743486373
21.0269640267
20.5913089496
15.2565324289
9.20883974085
7.2048296841
6.64126117914
4.7063673597
4.64775636323
2.82764212355
2.5663478525
0.00282019526411
0.342987090981
0.342730230889
0.342872279571
4.18815693429
8.33782037192
14.8370932544
14.8364428231
26.312686639
27.0843565649
27.0843565649
39.0539836423
39.0539836423
49.064926762
51.8660402074
62.2318691626
62.2318691626
62.2318691626
64.7087485876
64.7087485876
66.6819835182
66.6819835182
67.4326221557
67.4326221557
69.3445169518
71.6793258446
75.9105976217
73.2766347433
74.4823564875
73.3242908287
61.6526512951
54.4978904703
41.3835429808
34.5957188255
26.9896459323
24.0655002005
10.8162352863
15.166945743
11.4589585967
12.9346724747
14.8152622815
14.3796072044
9.04483068367
6.82019612385
4.81618606709
4.25261756214
2.76895169772
2.71034070125
0.970930518455
0.719913352243
0.00255600418078
0.342846409198
0.342589549106
0.342731597788
4.18801625251
4.18833636851
10.6592179451
10.6587727302
22.0604835146
22.8321534405
22.8321534405
33.2911742758
33.2911742758
43.5276605189
47.5060096789
58.7516926458
58.7516926458
58.7516926458
66.0588959545
66.0588959545
68.0321308851
68.0321308851
68.7827695226
68.7827695226
70.6946643187
73.0294732115
78.3628379979
75.7288751196
76.9345968637
64.2463059228
52.5746663892
45.4199055644
32.3055580749
24.7058913807
17.9116610264
14.9875152946
11.3971657799
15.4997820886
10.6815922421
9.40182545403
8.41509755333
7.97944247621
8.16986012022
5.94522556039
3.94121550364
3.37764699869
1.89398113427
1.37008783556
0.970856514805
0.720011415957
0.00327489651206
0.00333509277113
0.00350992874008
0.00301448313089
3.85026468424
3.85058480025
10.2991327376
10.2986875227
17.9788990445
18.7505689703
18.7505689703
29.2095898057
29.2095898057
39.4460760487
41.9913400182
54.7448951544
54.7448951544
54.7448951544
62.3237396851
62.3237396851
65.620970327
65.620970327
66.3716089644
66.3716089644
68.2835037606
70.6183126534
76.2989439974
74.4113604536
69.8452642974
51.7694802725
40.0978407389
32.9430799141
28.2521034363
20.2284025074
13.5775989416
10.9340606559
7.34371114127
11.0222932153
9.88232968433
8.53045057119
7.54372267049
7.10806759337
7.29848523738
5.07385067756
3.31801428814
2.75444578319
1.27077991877
0.987956809904
0.347655299302
0.337880390305
0.00375542804185
0.00381562430092
0.00397576085493
0.00349501466069
0.00269549394735
0.00330695637403
6.28718737846
6.28674216357
13.9669536854
14.7386236112
14.7386236112
25.1976444466
25.1976444466
35.1895798895
37.9793946591
52.0977373054
52.0977373054
52.0977373054
60.4065133476
60.4065133476
63.7037439895
63.7037439895
70.4435374443
70.4435374443
72.3554322404
74.6902411332
80.3708724772
78.4832889334
68.1192302583
50.0434462333
38.3718066997
31.217045875
26.5260693971
14.5840052589
13.9564542335
12.4167027896
10.8385176799
11.4011485072
10.2611849762
7.9570574784
7.2069771387
6.77132206158
6.96173970559
4.73710514577
2.98126875635
2.4177002514
0.934034386974
0.988561199067
0.34714329571
0.338484779469
0.00434981375449
0.00441001001356
0.00427760577274
0.00403503263055
0.00323551191721
0.00384697434389
0.00443095988625
0.00398574499022
0.00379983802587
0.775469763896
0.775469763896
11.2344905992
11.2344905992
20.7496461884
24.0162408117
38.1268592942
38.1268592942
38.1268592942
51.5585987091
51.5585987091
62.7608299439
62.7608299439
69.5006233986
69.5006233986
71.9379937999
74.2728026926
70.6741099242
67.4356068329
45.9994541128
27.9236700878
20.4822392824
13.3274784576
8.63650197975
11.099101548
10.4715505225
8.93179907864
8.17583852709
6.9596811799
7.33944649194
5.81348061308
5.06340027338
4.62774519627
4.81816284027
3.76310802628
2.00727163686
2.36186228767
0.961391653616
0.728276671843
0.339494523297
0.338555047015
0.00471844694641
0.0044629645814
0.00411537611705
0.00425742479911
0.00338643883405
0.00399790126073
0.00452897624796
0.00408376135193
0.00389785438758
0.775567780258
0.775567780258
3.72353040655
3.72353040655
13.9600166496
16.5052806191
30.3351063688
30.3351063688
30.3351063688
45.3148395011
45.3148395011
57.4901156601
57.4901156601
67.635107342
67.635107342
70.0724777432
72.407286636
67.3811759391
56.4848212131
35.0486684929
23.3941118928
15.9526810874
8.79792026262
4.10694378477
8.29721191012
7.6696608847
7.36254715187
6.60658660033
6.3316856465
6.02925389665
5.18548507968
4.43540473998
4.40031555992
4.59073320393
3.16525973165
1.77984200051
1.73082212783
0.73396201727
0.728508126855
0.339725978309
0.338786502027
0.00422238109407
0.00396689872906
0.00361931026471
0.00376135894677
0.00332162827041
0.00393309069709
0.00444868514326
0.00434074620409
0.00415483923974
0.77582476511
0.77582476511
3.7237873914
3.7237873914
6.65144557062
9.19670954006
23.2780516465
23.2780516465
23.2780516465
38.2577847788
38.2577847788
52.9097483226
52.9097483226
63.0547400044
63.0547400044
64.9221217884
64.3865691921
58.3531350617
46.8403777503
25.4042250301
13.74966843
6.30823762453
10.4109885745
5.72001209664
7.70431902607
7.07676800064
6.76965426782
5.91491760459
5.053499383
4.68596024347
3.90729881619
3.15721847649
3.12212929643
3.31254694043
2.83042695205
1.40903547061
1.39598934823
0.363155487362
0.393675347252
0.0040210368361
0.00329871112499
0.00401087858507
0.00375539622006
0.00340780775571
0.00375334425394
0.00339456741019
0.00400602983687
0.00510799613856
0.00500005719939
0.00481415023503
0.00448438858615
0.00448438858615
2.95244701488
2.95244701488
5.88010519409
8.42536916354
14.5259980098
14.5259980098
14.5259980098
31.4308037664
31.4308037664
44.6976599477
44.6976599477
56.9652278719
56.9652278719
56.1330676118
55.5975150155
49.5640808851
44.5437741979
23.1076214777
11.4530648776
4.01163407214
8.11438502211
3.42340854425
9.18523574619
9.0127144243
9.52516247958
4.78964503052
3.92822680894
4.30799212098
2.78202624212
2.01588864202
1.98079946196
2.17121710597
1.88412199943
0.267705636139
0.449684395611
0.363331071765
0.394323750796
0.00419662123918
0.00347429552807
0.0042767658155
0.00396620285532
0.00361861439097
0.00395479025182
0.00290930758493
0.00297283432252
0.00509763803876
0.00498969909959
0.00568749809087
0.00535773644198
0.00535773644198
1.15094206958
1.15094206958
4.07860024879
4.0783831763
10.1790120226
10.1790120226
10.1790120226
17.0205287746
17.0205287746
23.9180204275
23.9180204275
35.366548016
35.366548016
36.2750437949
34.5496232634
28.6848474614
24.0213339039
9.4582242476
7.1341994703
-0.307231335158
3.79551961481
2.35311328208
6.79819363072
5.00969216078
5.52214021606
4.5107753926
3.64935717102
3.47273826995
1.9467723911
1.180634791
1.14554561094
0.371760855424
0.224085775015
-0.59735062534
-0.159564744162
-0.501725189714
0.00365398275817
0.00421113285328
0.00348880714217
0.00412916524794
0.00364179019699
0.00376225842316
0.00339982400941
0.00385365984102
0.00391718657861
0.00526526463489
0.00515732569572
0.005855124687
0.00552536303811
0.00552536303811
1.15110969618
1.15110969618
4.07876787539
4.0785508029
7.12699432184
7.12699432184
7.12699432184
13.9378894864
13.9378894864
20.8353811394
20.8353811394
25.2038599671
25.2038599671
26.112355746
24.3869352145
18.5221594125
13.858645855
11.9205956893
5.87035396751
2.17769379007
1.81303481649
2.85062919851
3.34912758613
4.57358133392
5.0860293892
4.07466456574
3.21324634416
3.03662744309
1.51066156424
1.75070486222
1.65441938136
0.751583059847
0.186070975254
-0.0272805541176
-0.0746412603275
0.00490010281002
0.00394542844231
0.00449066263413
0.00355118635218
