-1.2
-1.2
-1.2
-1.2
-1.2
-1.2
-1.2
-1.2
-1.2
-1.2
-1.2
-1.2
-1.2
-1.2
-1.2
-1.2
-1.2
-1.2
-1.2
-1.2
-1.2
-1.2
-1.2
-1.2
-1.2
-1.2
-1.2
-1.2
-1.2
-1.2
-1.2
-1.2
-1.2
-1.2
-1.2
-1.2
-1.2
-1.2
-1.2
-1.2
-1.2
-1.2
-1.2
-1.2
-1.2
-1.2
-1.2
-1.2
-1.2
-1.2
-1.166
-1.166
-1.166
-1.166
-1.166
-1.166
-1.166
-1.166
-1.166
-1.166
-1.166
-1.166
-1.166
-1.166
-1.166
-1.166
-1.166
-1.166
-1.166
-1.166
-1.166
-1.166
-1.166
-1.166
-1.166
-1.166
-1.166
-1.166
-1.166
-1.166
-1.166
-1.166
-1.166
-1.166
-1.166
-1.166
-1.166
-1.166
-1.166
-1.166
-1.166
-1.166
-1.166
-1.166
-1.166
-1.166
-1.166
-1.166
-1.166
-1.166
-1.132
-1.132
-1.132
-1.132
-1.132
-1.132
-1.132
-1.132
-1.132
-1.132
-1.132
-1.132
-1.132
-1.132
-1.132
-1.132
-1.132
-1.132
-1.132
-1.132
-1.132
-1.132
-1.132
-1.132
-1.132
-1.132
-1.132
-1.132
-1.132
-1.132
-1.132
-1.132
-1.132
-1.132
-1.132
-1.132
-1.132
-1.132
-1.132
-1.132
-1.132
-1.132
-1.132
-1.132
-1.132
-1.132
-1.132
-1.132
-1.132
-1.132
-1.098
-1.098
-1.098
-1.098
-1.098
-1.098
-1.098
-1.098
-1.098
-1.098
-1.098
-1.098
-1.098
-1.098
-1.098
-1.098
-1.098
-1.098
-1.098
-1.098
-1.098
-1.098
-1.098
-1.098
-1.098
-1.098
-1.098
-1.098
-1.098
-1.098
-1.098
-1.098
-1.098
-1.098
-1.098
-1.098
-1.098
-1.098
-1.098
-1.098
-1.098
-1.098
-1.098
-1.098
-1.098
-1.098
-1.098
-1.098
-1.098
-1.098
-1.064
-1.064
-1.064
-1.064
-1.064
-1.064
-1.064
-1.064
-1.064
-1.064
-1.064
-1.064
-1.064
-1.064
-1.064
-1.064
-1.064
-1.064
-1.064
-1.064
-1.064
-1.064
-1.064
-1.064
-1.064
-1.064
-1.064
-1.064
-1.064
-1.064
-1.064
-1.064
-1.064
-1.064
-1.064
-1.064
-1.064
-1.064
-1.064
-1.064
-1.064
-1.064
-1.064
-1.064
-1.064
-1.064
-1.064
-1.064
-1.064
-1.064
-1.03
-1.03
-1.03
-1.03
-1.03
-1.03
-1.03
-1.03
-1.03
-1.03
-1.03
-1.03
-1.03
-1.03
-1.03
-1.03
-1.03
-1.03
-1.03
-1.03
-1.03
-1.03
-1.03
-1.03
-1.03
-1.03
-1.03
-1.03
-1.03
-1.03
-1.03
-1.03
-1.03
-1.03
-1.03
-1.03
-1.03
-1.03
-1.03
-1.03
-1.03
-1.03
-1.03
-1.03
-1.03
-1.03
-1.03
-1.03
-1.03
-1.03
-0.996
-0.996
-0.996
-0.996
-0.996
-0.996
-0.996
-0.996
-0.996
-0.996
-0.996
-0.996
-0.996
-0.996
-0.996
-0.996
-0.996
-0.996
-0.996
-0.996
-0.996
-0.996
-0.996
-0.996
-0.996
-0.996
-0.996
-0.996
-0.996
-0.996
-0.996
-0.996
-0.996
-0.996
-0.996
-0.996
-0.996
-0.996
-0.996
-0.996
-0.996
-0.996
-0.996
-0.996
-0.996
-0.996
-0.996
-0.996
-0.996
-0.996
-0.962
-0.962
-0.962
-0.962
-0.962
-0.962
-0.962
-0.962
-0.962
-0.962
-0.962
-0.962
-0.962
-0.962
-0.962
-0.962
-0.962
-0.962
-0.962
-0.962
-0.962
-0.962
-0.962
-0.962
-0.962
-0.962
-0.962
-0.962
-0.962
-0.962
-0.962
-0.962
-0.962
-0.962
-0.962
-0.962
-0.962
-0.962
-0.962
-0.962
-0.962
-0.962
-0.962
-0.962
-0.962
-0.962
-0.962
-0.962
-0.962
-0.962
-0.928
-0.928
-0.928
-0.928
-0.928
-0.928
-0.928
-0.928
-0.928
-0.928
-0.928
-0.928
-0.928
-0.928
-0.928
-0.928
-0.928
-0.928
-0.928
-0.928
-0.928
-0.928
-0.928
-0.928
-0.928
-0.928
-0.928
-0.928
-0.928
-0.928
-0.928
-0.928
-0.928
-0.928
-0.928
-0.928
-0.928
-0.928
-0.928
-0.928
-0.928
-0.928
-0.928
-0.928
-0.928
-0.928
-0.928
-0.928
-0.928
-0.928
-0.894
-0.894
-0.894
-0.894
-0.894
-0.894
-0.894
-0.894
-0.894
-0.894
-0.894
-0.894
-0.894
-0.894
-0.894
-0.894
-0.894
-0.894
-0.894
-0.894
-0.894
-0.894
-0.894
-0.894
-0.894
-0.894
-0.894
-0.894
-0.894
-0.894
-0.894
-0.894
-0.894
-0.894
-0.894
-0.894
-0.894
-0.894
-0.894
-0.894
-0.894
-0.894
-0.894
-0.894
-0.894
-0.894
-0.894
-0.894
-0.894
-0.894
-0.86
-0.86
-0.86
-0.86
-0.86
-0.86
-0.86
-0.86
-0.86
-0.86
-0.86
-0.86
-0.86
-0.86
-0.86
-0.86
-0.86
-0.86
-0.86
-0.86
-0.86
-0.86
-0.86
-0.86
-0.86
-0.86
-0.86
-0.86
-0.86
-0.86
-0.86
-0.86
-0.86
-0.86
-0.86
-0.86
-0.86
-0.86
-0.86
-0.86
-0.86
-0.86
-0.86
-0.86
-0.86
-0.86
-0.86
-0.86
-0.86
-0.86
-0.826
-0.826
-0.826
-0.826
-0.826
-0.826
-0.826
-0.826
-0.826
-0.826
-0.826
-0.826
-0.826
-0.826
-0.826
-0.826
-0.826
-0.826
-0.826
-0.826
-0.826
-0.826
-0.826
-0.826
-0.826
-0.826
-0.826
-0.826
-0.826
-0.826
-0.826
-0.826
-0.826
-0.826
-0.826
-0.826
-0.826
-0.826
-0.826
-0.826
-0.826
-0.826
-0.826
-0.826
-0.826
-0.826
-0.826
-0.826
-0.826
-0.826
-0.792
-0.792
-0.792
-0.792
-0.792
-0.792
-0.792
-0.792
-0.792
-0.792
-0.792
-0.792
-0.792
-0.792
-0.792
-0.792
-0.792
-0.792
-0.792
-0.792
-0.792
-0.792
-0.792
-0.792
-0.792
-0.792
-0.792
-0.792
-0.792
-0.792
-0.792
-0.792
-0.792
-0.792
-0.792
-0.792
-0.792
-0.792
-0.792
-0.792
-0.792
-0.792
-0.792
-0.792
-0.792
-0.792
-0.792
-0.792
-0.792
-0.792
-0.758
-0.758
-0.758
-0.758
-0.758
-0.758
-0.758
-0.758
-0.758
-0.758
-0.758
-0.758
-0.758
-0.758
-0.758
-0.758
-0.758
-0.758
-0.758
-0.758
-0.758
-0.758
-0.758
-0.758
-0.758
-0.758
-0.758
-0.758
-0.758
-0.758
-0.758
-0.758
-0.758
-0.758
-0.758
-0.758
-0.758
-0.758
-0.758
-0.758
-0.758
-0.758
-0.758
-0.758
-0.758
-0.758
-0.758
-0.758
-0.758
-0.758
-0.724
-0.724
-0.724
-0.724
-0.724
-0.724
-0.724
-0.724
-0.724
-0.724
-0.724
-0.724
-0.724
-0.724
-0.724
-0.724
-0.724
-0.724
-0.724
-0.724
-0.724
-0.724
-0.724
-0.724
-0.724
-0.724
-0.724
-0.724
-0.724
-0.724
-0.724
-0.724
-0.724
-0.724
-0.724
-0.724
-0.724
-0.724
-0.724
-0.724
-0.724
-0.724
-0.724
-0.724
-0.724
-0.724
-0.724
-0.724
-0.724
-0.724
-0.69
-0.69
-0.69
-0.69
-0.69
-0.69
-0.69
-0.69
-0.69
-0.69
-0.69
-0.69
-0.69
-0.69
-0.69
-0.69
-0.69
-0.69
-0.69
-0.69
-0.69
-0.69
-0.69
-0.69
-0.69
-0.69
-0.69
-0.69
-0.69
-0.69
-0.69
-0.69
-0.69
-0.69
-0.69
-0.69
-0.69
-0.69
-0.69
-0.69
-0.69
-0.69
-0.69
-0.69
-0.69
-0.69
-0.69
-0.69
-0.69
-0.69
-0.656
-0.656
-0.656
-0.656
-0.656
-0.656
-0.656
-0.656
-0.656
-0.656
-0.656
-0.656
-0.656
-0.656
-0.656
-0.656
-0.656
-0.656
-0.656
-0.656
-0.656
-0.656
-0.656
-0.656
-0.656
-0.656
-0.656
-0.656
-0.656
-0.656
-0.656
-0.656
-0.656
-0.656
-0.656
-0.656
-0.656
-0.656
-0.656
-0.656
-0.656
-0.656
-0.656
-0.656
-0.656
-0.656
-0.656
-0.656
-0.656
-0.656
-0.622
-0.622
-0.622
-0.622
-0.622
-0.622
-0.622
-0.622
-0.622
-0.622
-0.622
-0.622
-0.622
-0.622
-0.622
-0.622
-0.622
-0.622
-0.622
-0.622
-0.622
-0.622
-0.622
-0.622
-0.622
-0.622
-0.622
-0.622
-0.622
-0.622
-0.622
-0.622
-0.622
-0.622
-0.622
-0.622
-0.622
-0.622
-0.622
-0.622
-0.622
-0.622
-0.622
-0.622
-0.622
-0.622
-0.622
-0.622
-0.622
-0.622
-0.588
-0.588
-0.588
-0.588
-0.588
-0.588
-0.588
-0.588
-0.588
-0.588
-0.588
-0.588
-0.588
-0.588
-0.588
-0.588
-0.588
-0.588
-0.588
-0.588
-0.588
-0.588
-0.588
-0.588
-0.588
-0.588
-0.588
-0.588
-0.588
-0.588
-0.588
-0.588
-0.588
-0.588
-0.588
-0.588
-0.588
-0.588
-0.588
-0.588
-0.588
-0.588
-0.588
-0.588
-0.588
-0.588
-0.588
-0.588
-0.588
-0.588
-0.554
-0.554
-0.554
-0.554
-0.554
-0.554
-0.554
-0.554
-0.554
-0.554
-0.554
-0.554
-0.554
-0.554
-0.554
-0.554
-0.554
-0.554
-0.554
-0.554
-0.554
-0.554
-0.554
-0.554
-0.554
-0.554
-0.554
-0.554
-0.554
-0.554
-0.554
-0.554
-0.554
-0.554
-0.554
-0.554
-0.554
-0.554
-0.554
-0.554
-0.554
-0.554
-0.554
-0.554
-0.554
-0.554
-0.554
-0.554
-0.554
-0.554
-0.52
-0.52
-0.52
-0.52
-0.52
-0.52
-0.52
-0.52
-0.52
-0.52
-0.52
-0.52
-0.52
-0.52
-0.52
-0.52
-0.52
-0.52
-0.52
-0.52
-0.52
-0.52
-0.52
-0.52
-0.52
-0.52
-0.52
-0.52
-0.52
-0.52
-0.52
-0.52
-0.52
-0.52
-0.52
-0.52
-0.52
-0.52
-0.52
-0.52
-0.52
-0.52
-0.52
-0.52
-0.52
-0.52
-0.52
-0.52
-0.52
-0.52
-0.486
-0.486
-0.486
-0.486
-0.486
-0.486
-0.486
-0.486
-0.486
-0.486
-0.486
-0.486
-0.486
-0.486
-0.486
-0.486
-0.486
-0.486
-0.486
-0.486
-0.486
-0.486
-0.486
-0.486
-0.486
-0.486
-0.486
-0.486
-0.486
-0.486
-0.486
-0.486
-0.486
-0.486
-0.486
-0.486
-0.486
-0.486
-0.486
-0.486
-0.486
-0.486
-0.486
-0.486
-0.486
-0.486
-0.486
-0.486
-0.486
-0.486
-0.452
-0.452
-0.452
-0.452
-0.452
-0.452
-0.452
-0.452
-0.452
-0.452
-0.452
-0.452
-0.452
-0.452
-0.452
-0.452
-0.452
-0.452
-0.452
-0.452
-0.452
-0.452
-0.452
-0.452
-0.452
-0.452
-0.452
-0.452
-0.452
-0.452
-0.452
-0.452
-0.452
-0.452
-0.452
-0.452
-0.452
-0.452
-0.452
-0.452
-0.452
-0.452
-0.452
-0.452
-0.452
-0.452
-0.452
-0.452
-0.452
-0.452
-0.418
-0.418
-0.418
-0.418
-0.418
-0.418
-0.418
-0.418
-0.418
-0.418
-0.418
-0.418
-0.418
-0.418
-0.418
-0.418
-0.418
-0.418
-0.418
-0.418
-0.418
-0.418
-0.418
-0.418
-0.418
-0.418
-0.418
-0.418
-0.418
-0.418
-0.418
-0.418
-0.418
-0.418
-0.418
-0.418
-0.418
-0.418
-0.418
-0.418
-0.418
-0.418
-0.418
-0.418
-0.418
-0.418
-0.418
-0.418
-0.418
-0.418
-0.384
-0.384
-0.384
-0.384
-0.384
-0.384
-0.384
-0.384
-0.384
-0.384
-0.384
-0.384
-0.384
-0.384
-0.384
-0.384
-0.384
-0.384
-0.384
-0.384
-0.384
-0.384
-0.384
-0.384
-0.384
-0.384
-0.384
-0.384
-0.384
-0.384
-0.384
-0.384
-0.384
-0.384
-0.384
-0.384
-0.384
-0.384
-0.384
-0.384
-0.384
-0.384
-0.384
-0.384
-0.384
-0.384
-0.384
-0.384
-0.384
-0.384
-0.35
-0.35
-0.35
-0.35
-0.35
-0.35
-0.35
-0.35
-0.35
-0.35
-0.35
-0.35
-0.35
-0.35
-0.35
-0.35
-0.35
-0.35
-0.35
-0.35
-0.35
-0.35
-0.35
-0.35
-0.35
-0.35
-0.35
-0.35
-0.35
-0.35
-0.35
-0.35
-0.35
-0.35
-0.35
-0.35
-0.35
-0.35
-0.35
-0.35
-0.35
-0.35
-0.35
-0.35
-0.35
-0.35
-0.35
-0.35
-0.35
-0.35
-0.316
-0.316
-0.316
-0.316
-0.316
-0.316
-0.316
-0.316
-0.316
-0.316
-0.316
-0.316
-0.316
-0.316
-0.316
-0.316
-0.316
-0.316
-0.316
-0.316
-0.316
-0.316
-0.316
-0.316
-0.316
-0.316
-0.316
-0.316
-0.316
-0.316
-0.316
-0.316
-0.316
-0.316
-0.316
-0.316
-0.316
-0.316
-0.316
-0.316
-0.316
-0.316
-0.316
-0.316
-0.316
-0.316
-0.316
-0.316
-0.316
-0.316
-0.282
-0.282
-0.282
-0.282
-0.282
-0.282
-0.282
-0.282
-0.282
-0.282
-0.282
-0.282
-0.282
-0.282
-0.282
-0.282
-0.282
-0.282
-0.282
-0.282
-0.282
-0.282
-0.282
-0.282
-0.282
-0.282
-0.282
-0.282
-0.282
-0.282
-0.282
-0.282
-0.282
-0.282
-0.282
-0.282
-0.282
-0.282
-0.282
-0.282
-0.282
-0.282
-0.282
-0.282
-0.282
-0.282
-0.282
-0.282
-0.282
-0.282
-0.248
-0.248
-0.248
-0.248
-0.248
-0.248
-0.248
-0.248
-0.248
-0.248
-0.248
-0.248
-0.248
-0.248
-0.248
-0.248
-0.248
-0.248
-0.248
-0.248
-0.248
-0.248
-0.248
-0.248
-0.248
-0.248
-0.248
-0.248
-0.248
-0.248
-0.248
-0.248
-0.248
-0.248
-0.248
-0.248
-0.248
-0.248
-0.248
-0.248
-0.248
-0.248
-0.248
-0.248
-0.248
-0.248
-0.248
-0.248
-0.248
-0.248
-0.214
-0.214
-0.214
-0.214
-0.214
-0.214
-0.214
-0.214
-0.214
-0.214
-0.214
-0.214
-0.214
-0.214
-0.214
-0.214
-0.214
-0.214
-0.214
-0.214
-0.214
-0.214
-0.214
-0.214
-0.214
-0.214
-0.214
-0.214
-0.214
-0.214
-0.214
-0.214
-0.214
-0.214
-0.214
-0.214
-0.214
-0.214
-0.214
-0.214
-0.214
-0.214
-0.214
-0.214
-0.214
-0.214
-0.214
-0.214
-0.214
-0.214
-0.18
-0.18
-0.18
-0.18
-0.18
-0.18
-0.18
-0.18
-0.18
-0.18
-0.18
-0.18
-0.18
-0.18
-0.18
-0.18
-0.18
-0.18
-0.18
-0.18
-0.18
-0.18
-0.18
-0.18
-0.18
-0.18
-0.18
-0.18
-0.18
-0.18
-0.18
-0.18
-0.18
-0.18
-0.18
-0.18
-0.18
-0.18
-0.18
-0.18
-0.18
-0.18
-0.18
-0.18
-0.18
-0.18
-0.18
-0.18
-0.18
-0.18
-0.146
-0.146
-0.146
-0.146
-0.146
-0.146
-0.146
-0.146
-0.146
-0.146
-0.146
-0.146
-0.146
-0.146
-0.146
-0.146
-0.146
-0.146
-0.146
-0.146
-0.146
-0.146
-0.146
-0.146
-0.146
-0.146
-0.146
-0.146
-0.146
-0.146
-0.146
-0.146
-0.146
-0.146
-0.146
-0.146
-0.146
-0.146
-0.146
-0.146
-0.146
-0.146
-0.146
-0.146
-0.146
-0.146
-0.146
-0.146
-0.146
-0.146
-0.112
-0.112
-0.112
-0.112
-0.112
-0.112
-0.112
-0.112
-0.112
-0.112
-0.112
-0.112
-0.112
-0.112
-0.112
-0.112
-0.112
-0.112
-0.112
-0.112
-0.112
-0.112
-0.112
-0.112
-0.112
-0.112
-0.112
-0.112
-0.112
-0.112
-0.112
-0.112
-0.112
-0.112
-0.112
-0.112
-0.112
-0.112
-0.112
-0.112
-0.112
-0.112
-0.112
-0.112
-0.112
-0.112
-0.112
-0.112
-0.112
-0.112
-0.078
-0.078
-0.078
-0.078
-0.078
-0.078
-0.078
-0.078
-0.078
-0.078
-0.078
-0.078
-0.078
-0.078
-0.078
-0.078
-0.078
-0.078
-0.078
-0.078
-0.078
-0.078
-0.078
-0.078
-0.078
-0.078
-0.078
-0.078
-0.078
-0.078
-0.078
-0.078
-0.078
-0.078
-0.078
-0.078
-0.078
-0.078
-0.078
-0.078
-0.078
-0.078
-0.078
-0.078
-0.078
-0.078
-0.078
-0.078
-0.078
-0.078
-0.044
-0.044
-0.044
-0.044
-0.044
-0.044
-0.044
-0.044
-0.044
-0.044
-0.044
-0.044
-0.044
-0.044
-0.044
-0.044
-0.044
-0.044
-0.044
-0.044
-0.044
-0.044
-0.044
-0.044
-0.044
-0.044
-0.044
-0.044
-0.044
-0.044
-0.044
-0.044
-0.044
-0.044
-0.044
-0.044
-0.044
-0.044
-0.044
-0.044
-0.044
-0.044
-0.044
-0.044
-0.044
-0.044
-0.044
-0.044
-0.044
-0.044
-0.01
-0.01
-0.01
-0.01
-0.01
-0.01
-0.01
-0.01
-0.01
-0.01
-0.01
-0.01
-0.01
-0.01
-0.01
-0.01
-0.01
-0.01
-0.01
-0.01
-0.01
-0.01
-0.01
-0.01
-0.01
-0.01
-0.01
-0.01
-0.01
-0.01
-0.01
-0.01
-0.01
-0.01
-0.01
-0.01
-0.01
-0.01
-0.01
-0.01
-0.01
-0.01
-0.01
-0.01
-0.01
-0.01
-0.01
-0.01
-0.01
-0.01
0.024
0.024
0.024
0.024
0.024
0.024
0.024
0.024
0.024
0.024
0.024
0.024
0.024
0.024
0.024
0.024
0.024
0.024
0.024
0.024
0.024
0.024
0.024
0.024
0.024
0.024
0.024
0.024
0.024
0.024
0.024
0.024
0.024
0.024
0.024
0.024
0.024
0.024
0.024
0.024
0.024
0.024
0.024
0.024
0.024
0.024
0.024
0.024
0.024
0.024
0.058
0.058
0.058
0.058
0.058
0.058
0.058
0.058
0.058
0.058
0.058
0.058
0.058
0.058
0.058
0.058
0.058
0.058
0.058
0.058
0.058
0.058
0.058
0.058
0.058
0.058
0.058
0.058
0.058
0.058
0.058
0.058
0.058
0.058
0.058
0.058
0.058
0.058
0.058
0.058
0.058
0.058
0.058
0.058
0.058
0.058
0.058
0.058
0.058
0.058
0.092
0.092
0.092
0.092
0.092
0.092
0.092
0.092
0.092
0.092
0.092
0.092
0.092
0.092
0.092
0.092
0.092
0.092
0.092
0.092
0.092
0.092
0.092
0.092
0.092
0.092
0.092
0.092
0.092
0.092
0.092
0.092
0.092
0.092
0.092
0.092
0.092
0.092
0.092
0.092
0.092
0.092
0.092
0.092
0.092
0.092
0.092
0.092
0.092
0.092
0.126
0.126
0.126
0.126
0.126
0.126
0.126
0.126
0.126
0.126
0.126
0.126
0.126
0.126
0.126
0.126
0.126
0.126
0.126
0.126
0.126
0.126
0.126
0.126
0.126
0.126
0.126
0.126
0.126
0.126
0.126
0.126
0.126
0.126
0.126
0.126
0.126
0.126
0.126
0.126
0.126
0.126
0.126
0.126
0.126
0.126
0.126
0.126
0.126
0.126
0.16
0.16
0.16
0.16
0.16
0.16
0.16
0.16
0.16
0.16
0.16
0.16
0.16
0.16
0.16
0.16
0.16
0.16
0.16
0.16
0.16
0.16
0.16
0.16
0.16
0.16
0.16
0.16
0.16
0.16
0.16
0.16
0.16
0.16
0.16
0.16
0.16
0.16
0.16
0.16
0.16
0.16
0.16
0.16
0.16
0.16
0.16
0.16
0.16
0.16
0.194
0.194
0.194
0.194
0.194
0.194
0.194
0.194
0.194
0.194
0.194
0.194
0.194
0.194
0.194
0.194
0.194
0.194
0.194
0.194
0.194
0.194
0.194
0.194
0.194
0.194
0.194
0.194
0.194
0.194
0.194
0.194
0.194
0.194
0.194
0.194
0.194
0.194
0.194
0.194
0.194
0.194
0.194
0.194
0.194
0.194
0.194
0.194
0.194
0.194
0.228
0.228
0.228
0.228
0.228
0.228
0.228
0.228
0.228
0.228
0.228
0.228
0.228
0.228
0.228
0.228
0.228
0.228
0.228
0.228
0.228
0.228
0.228
0.228
0.228
0.228
0.228
0.228
0.228
0.228
0.228
0.228
0.228
0.228
0.228
0.228
0.228
0.228
0.228
0.228
0.228
0.228
0.228
0.228
0.228
0.228
0.228
0.228
0.228
0.228
0.262
0.262
0.262
0.262
0.262
0.262
0.262
0.262
0.262
0.262
0.262
0.262
0.262
0.262
0.262
0.262
0.262
0.262
0.262
0.262
0.262
0.262
0.262
0.262
0.262
0.262
0.262
0.262
0.262
0.262
0.262
0.262
0.262
0.262
0.262
0.262
0.262
0.262
0.262
0.262
0.262
0.262
0.262
0.262
0.262
0.262
0.262
0.262
0.262
0.262
0.296
0.296
0.296
0.296
0.296
0.296
0.296
0.296
0.296
0.296
0.296
0.296
0.296
0.296
0.296
0.296
0.296
0.296
0.296
0.296
0.296
0.296
0.296
0.296
0.296
0.296
0.296
0.296
0.296
0.296
0.296
0.296
0.296
0.296
0.296
0.296
0.296
0.296
0.296
0.296
0.296
0.296
0.296
0.296
0.296
0.296
0.296
0.296
0.296
0.296
0.33
0.33
0.33
0.33
0.33
0.33
0.33
0.33
0.33
0.33
0.33
0.33
0.33
0.33
0.33
0.33
0.33
0.33
0.33
0.33
0.33
0.33
0.33
0.33
0.33
0.33
0.33
0.33
0.33
0.33
0.33
0.33
0.33
0.33
0.33
0.33
0.33
0.33
0.33
0.33
0.33
0.33
0.33
0.33
0.33
0.33
0.33
0.33
0.33
0.33
0.364
0.364
0.364
0.364
0.364
0.364
0.364
0.364
0.364
0.364
0.364
0.364
0.364
0.364
0.364
0.364
0.364
0.364
0.364
0.364
0.364
0.364
0.364
0.364
0.364
0.364
0.364
0.364
0.364
0.364
0.364
0.364
0.364
0.364
0.364
0.364
0.364
0.364
0.364
0.364
0.364
0.364
0.364
0.364
0.364
0.364
0.364
0.364
0.364
0.364
0.398
0.398
0.398
0.398
0.398
0.398
0.398
0.398
0.398
0.398
0.398
0.398
0.398
0.398
0.398
0.398
0.398
0.398
0.398
0.398
0.398
0.398
0.398
0.398
0.398
0.398
0.398
0.398
0.398
0.398
0.398
0.398
0.398
0.398
0.398
0.398
0.398
0.398
0.398
0.398
0.398
0.398
0.398
0.398
0.398
0.398
0.398
0.398
0.398
0.398
0.432
0.432
0.432
0.432
0.432
0.432
0.432
0.432
0.432
0.432
0.432
0.432
0.432
0.432
0.432
0.432
0.432
0.432
0.432
0.432
0.432
0.432
0.432
0.432
0.432
0.432
0.432
0.432
0.432
0.432
0.432
0.432
0.432
0.432
0.432
0.432
0.432
0.432
0.432
0.432
0.432
0.432
0.432
0.432
0.432
0.432
0.432
0.432
0.432
0.432
0.466
0.466
0.466
0.466
0.466
0.466
0.466
0.466
0.466
0.466
0.466
0.466
0.466
0.466
0.466
0.466
0.466
0.466
0.466
0.466
0.466
0.466
0.466
0.466
0.466
0.466
0.466
0.466
0.466
0.466
0.466
0.466
0.466
0.466
0.466
0.466
0.466
0.466
0.466
0.466
0.466
0.466
0.466
0.466
0.466
0.466
0.466
0.466
0.466
0.466
