-0.07
-0.0672
-0.0644
-0.0616
-0.0588
-0.056
-0.0532
-0.0504
-0.0476
-0.0448
-0.042
-0.0392
-0.0364
-0.0336
-0.0308
-0.028
-0.0252
-0.0224
-0.0196
-0.0168
-0.014
-0.0112
-0.0084
-0.0056
-0.0028
-4.16333634234e-17
0.0028
0.0056
0.0084
0.0112
0.014
0.0168
0.0196
0.0224
0.0252
0.028
0.0308
0.0336
0.0364
0.0392
0.042
0.0448
0.0476
0.0504
0.0532
0.056
0.0588
0.0616
0.0644
0.0672
-0.07
-0.0672
-0.0644
-0.0616
-0.0588
-0.056
-0.0532
-0.0504
-0.0476
-0.0448
-0.042
-0.0392
-0.0364
-0.0336
-0.0308
-0.028
-0.0252
-0.0224
-0.0196
-0.0168
-0.014
-0.0112
-0.0084
-0.0056
-0.0028
-4.16333634234e-17
0.0028
0.0056
0.0084
0.0112
0.014
0.0168
0.0196
0.0224
0.0252
0.028
0.0308
0.0336
0.0364
0.0392
0.042
0.0448
0.0476
0.0504
0.0532
0.056
0.0588
0.0616
0.0644
0.0672
-0.07
-0.0672
-0.0644
-0.0616
-0.0588
-0.056
-0.0532
-0.0504
-0.0476
-0.0448
-0.042
-0.0392
-0.0364
-0.0336
-0.0308
-0.028
-0.0252
-0.0224
-0.0196
-0.0168
-0.014
-0.0112
-0.0084
-0.0056
-0.0028
-4.16333634234e-17
0.0028
0.0056
0.0084
0.0112
0.014
0.0168
0.0196
0.0224
0.0252
0.028
0.0308
0.0336
0.0364
0.0392
0.042
0.0448
0.0476
0.0504
0.0532
0.056
0.0588
0.0616
0.0644
0.0672
-0.07
-0.0672
-0.0644
-0.0616
-0.0588
-0.056
-0.0532
-0.0504
-0.0476
-0.0448
-0.042
-0.0392
-0.0364
-0.0336
-0.0308
-0.028
-0.0252
-0.0224
-0.0196
-0.0168
-0.014
-0.0112
-0.0084
-0.0056
-0.0028
-4.16333634234e-17
0.0028
0.0056
0.0084
0.0112
0.014
0.0168
0.0196
0.0224
0.0252
0.028
0.0308
0.0336
0.0364
0.0392
0.042
0.0448
0.0476
0.0504
0.0532
0.056
0.0588
0.0616
0.0644
0.0672
-0.07
-0.0672
-0.0644
-0.0616
-0.0588
-0.056
-0.0532
-0.0504
-0.0476
-0.0448
-0.042
-0.0392
-0.0364
-0.0336
-0.0308
-0.028
-0.0252
-0.0224
-0.0196
-0.0168
-0.014
-0.0112
-0.0084
-0.0056
-0.0028
-4.16333634234e-17
0.0028
0.0056
0.0084
0.0112
0.014
0.0168
0.0196
0.0224
0.0252
0.028
0.0308
0.0336
0.0364
0.0392
0.042
0.0448
0.0476
0.0504
0.0532
0.056
0.0588
0.0616
0.0644
0.0672
-0.07
-0.0672
-0.0644
-0.0616
-0.0588
-0.056
-0.0532
-0.0504
-0.0476
-0.0448
-0.042
-0.0392
-0.0364
-0.0336
-0.0308
-0.028
-0.0252
-0.0224
-0.0196
-0.0168
-0.014
-0.0112
-0.0084
-0.0056
-0.0028
-4.16333634234e-17
0.0028
0.0056
0.0084
0.0112
0.014
0.0168
0.0196
0.0224
0.0252
0.028
0.0308
0.0336
0.0364
0.0392
0.042
0.0448
0.0476
0.0504
0.0532
0.056
0.0588
0.0616
0.0644
0.0672
-0.07
-0.0672
-0.0644
-0.0616
-0.0588
-0.056
-0.0532
-0.0504
-0.0476
-0.0448
-0.042
-0.0392
-0.0364
-0.0336
-0.0308
-0.028
-0.0252
-0.0224
-0.0196
-0.0168
-0.014
-0.0112
-0.0084
-0.0056
-0.0028
-4.16333634234e-17
0.0028
0.0056
0.0084
0.0112
0.014
0.0168
0.0196
0.0224
0.0252
0.028
0.0308
0.0336
0.0364
0.0392
0.042
0.0448
0.0476
0.0504
0.0532
0.056
0.0588
0.0616
0.0644
0.0672
-0.07
-0.0672
-0.0644
-0.0616
-0.0588
-0.056
-0.0532
-0.0504
-0.0476
-0.0448
-0.042
-0.0392
-0.0364
-0.0336
-0.0308
-0.028
-0.0252
-0.0224
-0.0196
-0.0168
-0.014
-0.0112
-0.0084
-0.0056
-0.0028
-4.16333634234e-17
0.0028
0.0056
0.0084
0.0112
0.014
0.0168
0.0196
0.0224
0.0252
0.028
0.0308
0.0336
0.0364
0.0392
0.042
0.0448
0.0476
0.0504
0.0532
0.056
0.0588
0.0616
0.0644
0.0672
-0.07
-0.0672
-0.0644
-0.0616
-0.0588
-0.056
-0.0532
-0.0504
-0.0476
-0.0448
-0.042
-0.0392
-0.0364
-0.0336
-0.0308
-0.028
-0.0252
-0.0224
-0.0196
-0.0168
-0.014
-0.0112
-0.0084
-0.0056
-0.0028
-4.16333634234e-17
0.0028
0.0056
0.0084
0.0112
0.014
0.0168
0.0196
0.0224
0.0252
0.028
0.0308
0.0336
0.0364
0.0392
0.042
0.0448
0.0476
0.0504
0.0532
0.056
0.0588
0.0616
0.0644
0.0672
-0.07
-0.0672
-0.0644
-0.0616
-0.0588
-0.056
-0.0532
-0.0504
-0.0476
-0.0448
-0.042
-0.0392
-0.0364
-0.0336
-0.0308
-0.028
-0.0252
-0.0224
-0.0196
-0.0168
-0.014
-0.0112
-0.0084
-0.0056
-0.0028
-4.16333634234e-17
0.0028
0.0056
0.0084
0.0112
0.014
0.0168
0.0196
0.0224
0.0252
0.028
0.0308
0.0336
0.0364
0.0392
0.042
0.0448
0.0476
0.0504
0.0532
0.056
0.0588
0.0616
0.0644
0.0672
-0.07
-0.0672
-0.0644
-0.0616
-0.0588
-0.056
-0.0532
-0.0504
-0.0476
-0.0448
-0.042
-0.0392
-0.0364
-0.0336
-0.0308
-0.028
-0.0252
-0.0224
-0.0196
-0.0168
-0.014
-0.0112
-0.0084
-0.0056
-0.0028
-4.16333634234e-17
0.0028
0.0056
0.0084
0.0112
0.014
0.0168
0.0196
0.0224
0.0252
0.028
0.0308
0.0336
0.0364
0.0392
0.042
0.0448
0.0476
0.0504
0.0532
0.056
0.0588
0.0616
0.0644
0.0672
-0.07
-0.0672
-0.0644
-0.0616
-0.0588
-0.056
-0.0532
-0.0504
-0.0476
-0.0448
-0.042
-0.0392
-0.0364
-0.0336
-0.0308
-0.028
-0.0252
-0.0224
-0.0196
-0.0168
-0.014
-0.0112
-0.0084
-0.0056
-0.0028
-4.16333634234e-17
0.0028
0.0056
0.0084
0.0112
0.014
0.0168
0.0196
0.0224
0.0252
0.028
0.0308
0.0336
0.0364
0.0392
0.042
0.0448
0.0476
0.0504
0.0532
0.056
0.0588
0.0616
0.0644
0.0672
-0.07
-0.0672
-0.0644
-0.0616
-0.0588
-0.056
-0.0532
-0.0504
-0.0476
-0.0448
-0.042
-0.0392
-0.0364
-0.0336
-0.0308
-0.028
-0.0252
-0.0224
-0.0196
-0.0168
-0.014
-0.0112
-0.0084
-0.0056
-0.0028
-4.16333634234e-17
0.0028
0.0056
0.0084
0.0112
0.014
0.0168
0.0196
0.0224
0.0252
0.028
0.0308
0.0336
0.0364
0.0392
0.042
0.0448
0.0476
0.0504
0.0532
0.056
0.0588
0.0616
0.0644
0.0672
-0.07
-0.0672
-0.0644
-0.0616
-0.0588
-0.056
-0.0532
-0.0504
-0.0476
-0.0448
-0.042
-0.0392
-0.0364
-0.0336
-0.0308
-0.028
-0.0252
-0.0224
-0.0196
-0.0168
-0.014
-0.0112
-0.0084
-0.0056
-0.0028
-4.16333634234e-17
0.0028
0.0056
0.0084
0.0112
0.014
0.0168
0.0196
0.0224
0.0252
0.028
0.0308
0.0336
0.0364
0.0392
0.042
0.0448
0.0476
0.0504
0.0532
0.056
0.0588
0.0616
0.0644
0.0672
-0.07
-0.0672
-0.0644
-0.0616
-0.0588
-0.056
-0.0532
-0.0504
-0.0476
-0.0448
-0.042
-0.0392
-0.0364
-0.0336
-0.0308
-0.028
-0.0252
-0.0224
-0.0196
-0.0168
-0.014
-0.0112
-0.0084
-0.0056
-0.0028
-4.16333634234e-17
0.0028
0.0056
0.0084
0.0112
0.014
0.0168
0.0196
0.0224
0.0252
0.028
0.0308
0.0336
0.0364
0.0392
0.042
0.0448
0.0476
0.0504
0.0532
0.056
0.0588
0.0616
0.0644
0.0672
-0.07
-0.0672
-0.0644
-0.0616
-0.0588
-0.056
-0.0532
-0.0504
-0.0476
-0.0448
-0.042
-0.0392
-0.0364
-0.0336
-0.0308
-0.028
-0.0252
-0.0224
-0.0196
-0.0168
-0.014
-0.0112
-0.0084
-0.0056
-0.0028
-4.16333634234e-17
0.0028
0.0056
0.0084
0.0112
0.014
0.0168
0.0196
0.0224
0.0252
0.028
0.0308
0.0336
0.0364
0.0392
0.042
0.0448
0.0476
0.0504
0.0532
0.056
0.0588
0.0616
0.0644
0.0672
-0.07
-0.0672
-0.0644
-0.0616
-0.0588
-0.056
-0.0532
-0.0504
-0.0476
-0.0448
-0.042
-0.0392
-0.0364
-0.0336
-0.0308
-0.028
-0.0252
-0.0224
-0.0196
-0.0168
-0.014
-0.0112
-0.0084
-0.0056
-0.0028
-4.16333634234e-17
0.0028
0.0056
0.0084
0.0112
0.014
0.0168
0.0196
0.0224
0.0252
0.028
0.0308
0.0336
0.0364
0.0392
0.042
0.0448
0.0476
0.0504
0.0532
0.056
0.0588
0.0616
0.0644
0.0672
-0.07
-0.0672
-0.0644
-0.0616
-0.0588
-0.056
-0.0532
-0.0504
-0.0476
-0.0448
-0.042
-0.0392
-0.0364
-0.0336
-0.0308
-0.028
-0.0252
-0.0224
-0.0196
-0.0168
-0.014
-0.0112
-0.0084
-0.0056
-0.0028
-4.16333634234e-17
0.0028
0.0056
0.0084
0.0112
0.014
0.0168
0.0196
0.0224
0.0252
0.028
0.0308
0.0336
0.0364
0.0392
0.042
0.0448
0.0476
0.0504
0.0532
0.056
0.0588
0.0616
0.0644
0.0672
-0.07
-0.0672
-0.0644
-0.0616
-0.0588
-0.056
-0.0532
-0.0504
-0.0476
-0.0448
-0.042
-0.0392
-0.0364
-0.0336
-0.0308
-0.028
-0.0252
-0.0224
-0.0196
-0.0168
-0.014
-0.0112
-0.0084
-0.0056
-0.0028
-4.16333634234e-17
0.0028
0.0056
0.0084
0.0112
0.014
0.0168
0.0196
0.0224
0.0252
0.028
0.0308
0.0336
0.0364
0.0392
0.042
0.0448
0.0476
0.0504
0.0532
0.056
0.0588
0.0616
0.0644
0.0672
-0.07
-0.0672
-0.0644
-0.0616
-0.0588
-0.056
-0.0532
-0.0504
-0.0476
-0.0448
-0.042
-0.0392
-0.0364
-0.0336
-0.0308
-0.028
-0.0252
-0.0224
-0.0196
-0.0168
-0.014
-0.0112
-0.0084
-0.0056
-0.0028
-4.16333634234e-17
0.0028
0.0056
0.0084
0.0112
0.014
0.0168
0.0196
0.0224
0.0252
0.028
0.0308
0.0336
0.0364
0.0392
0.042
0.0448
0.0476
0.0504
0.0532
0.056
0.0588
0.0616
0.0644
0.0672
-0.07
-0.0672
-0.0644
-0.0616
-0.0588
-0.056
-0.0532
-0.0504
-0.0476
-0.0448
-0.042
-0.0392
-0.0364
-0.0336
-0.0308
-0.028
-0.0252
-0.0224
-0.0196
-0.0168
-0.014
-0.0112
-0.0084
-0.0056
-0.0028
-4.16333634234e-17
0.0028
0.0056
0.0084
0.0112
0.014
0.0168
0.0196
0.0224
0.0252
0.028
0.0308
0.0336
0.0364
0.0392
0.042
0.0448
0.0476
0.0504
0.0532
0.056
0.0588
0.0616
0.0644
0.0672
-0.07
-0.0672
-0.0644
-0.0616
-0.0588
-0.056
-0.0532
-0.0504
-0.0476
-0.0448
-0.042
-0.0392
-0.0364
-0.0336
-0.0308
-0.028
-0.0252
-0.0224
-0.0196
-0.0168
-0.014
-0.0112
-0.0084
-0.0056
-0.0028
-4.16333634234e-17
0.0028
0.0056
0.0084
0.0112
0.014
0.0168
0.0196
0.0224
0.0252
0.028
0.0308
0.0336
0.0364
0.0392
0.042
0.0448
0.0476
0.0504
0.0532
0.056
0.0588
0.0616
0.0644
0.0672
-0.07
-0.0672
-0.0644
-0.0616
-0.0588
-0.056
-0.0532
-0.0504
-0.0476
-0.0448
-0.042
-0.0392
-0.0364
-0.0336
-0.0308
-0.028
-0.0252
-0.0224
-0.0196
-0.0168
-0.014
-0.0112
-0.0084
-0.0056
-0.0028
-4.16333634234e-17
0.0028
0.0056
0.0084
0.0112
0.014
0.0168
0.0196
0.0224
0.0252
0.028
0.0308
0.0336
0.0364
0.0392
0.042
0.0448
0.0476
0.0504
0.0532
0.056
0.0588
0.0616
0.0644
0.0672
-0.07
-0.0672
-0.0644
-0.0616
-0.0588
-0.056
-0.0532
-0.0504
-0.0476
-0.0448
-0.042
-0.0392
-0.0364
-0.0336
-0.0308
-0.028
-0.0252
-0.0224
-0.0196
-0.0168
-0.014
-0.0112
-0.0084
-0.0056
-0.0028
-4.16333634234e-17
0.0028
0.0056
0.0084
0.0112
0.014
0.0168
0.0196
0.0224
0.0252
0.028
0.0308
0.0336
0.0364
0.0392
0.042
0.0448
0.0476
0.0504
0.0532
0.056
0.0588
0.0616
0.0644
0.0672
-0.07
-0.0672
-0.0644
-0.0616
-0.0588
-0.056
-0.0532
-0.0504
-0.0476
-0.0448
-0.042
-0.0392
-0.0364
-0.0336
-0.0308
-0.028
-0.0252
-0.0224
-0.0196
-0.0168
-0.014
-0.0112
-0.0084
-0.0056
-0.0028
-4.16333634234e-17
0.0028
0.0056
0.0084
0.0112
0.014
0.0168
0.0196
0.0224
0.0252
0.028
0.0308
0.0336
0.0364
0.0392
0.042
0.0448
0.0476
0.0504
0.0532
0.056
0.0588
0.0616
0.0644
0.0672
-0.07
-0.0672
-0.0644
-0.0616
-0.0588
-0.056
-0.0532
-0.0504
-0.0476
-0.0448
-0.042
-0.0392
-0.0364
-0.0336
-0.0308
-0.028
-0.0252
-0.0224
-0.0196
-0.0168
-0.014
-0.0112
-0.0084
-0.0056
-0.0028
-4.16333634234e-17
0.0028
0.0056
0.0084
0.0112
0.014
0.0168
0.0196
0.0224
0.0252
0.028
0.0308
0.0336
0.0364
0.0392
0.042
0.0448
0.0476
0.0504
0.0532
0.056
0.0588
0.0616
0.0644
0.0672
-0.07
-0.0672
-0.0644
-0.0616
-0.0588
-0.056
-0.0532
-0.0504
-0.0476
-0.0448
-0.042
-0.0392
-0.0364
-0.0336
-0.0308
-0.028
-0.0252
-0.0224
-0.0196
-0.0168
-0.014
-0.0112
-0.0084
-0.0056
-0.0028
-4.16333634234e-17
0.0028
0.0056
0.0084
0.0112
0.014
0.0168
0.0196
0.0224
0.0252
0.028
0.0308
0.0336
0.0364
0.0392
0.042
0.0448
0.0476
0.0504
0.0532
0.056
0.0588
0.0616
0.0644
0.0672
-0.07
-0.0672
-0.0644
-0.0616
-0.0588
-0.056
-0.0532
-0.0504
-0.0476
-0.0448
-0.042
-0.0392
-0.0364
-0.0336
-0.0308
-0.028
-0.0252
-0.0224
-0.0196
-0.0168
-0.014
-0.0112
-0.0084
-0.0056
-0.0028
-4.16333634234e-17
0.0028
0.0056
0.0084
0.0112
0.014
0.0168
0.0196
0.0224
0.0252
0.028
0.0308
0.0336
0.0364
0.0392
0.042
0.0448
0.0476
0.0504
0.0532
0.056
0.0588
0.0616
0.0644
0.0672
-0.07
-0.0672
-0.0644
-0.0616
-0.0588
-0.056
-0.0532
-0.0504
-0.0476
-0.0448
-0.042
-0.0392
-0.0364
-0.0336
-0.0308
-0.028
-0.0252
-0.0224
-0.0196
-0.0168
-0.014
-0.0112
-0.0084
-0.0056
-0.0028
-4.16333634234e-17
0.0028
0.0056
0.0084
0.0112
0.014
0.0168
0.0196
0.0224
0.0252
0.028
0.0308
0.0336
0.0364
0.0392
0.042
0.0448
0.0476
0.0504
0.0532
0.056
0.0588
0.0616
0.0644
0.0672
-0.07
-0.0672
-0.0644
-0.0616
-0.0588
-0.056
-0.0532
-0.0504
-0.0476
-0.0448
-0.042
-0.0392
-0.0364
-0.0336
-0.0308
-0.028
-0.0252
-0.0224
-0.0196
-0.0168
-0.014
-0.0112
-0.0084
-0.0056
-0.0028
-4.16333634234e-17
0.0028
0.0056
0.0084
0.0112
0.014
0.0168
0.0196
0.0224
0.0252
0.028
0.0308
0.0336
0.0364
0.0392
0.042
0.0448
0.0476
0.0504
0.0532
0.056
0.0588
0.0616
0.0644
0.0672
-0.07
-0.0672
-0.0644
-0.0616
-0.0588
-0.056
-0.0532
-0.0504
-0.0476
-0.0448
-0.042
-0.0392
-0.0364
-0.0336
-0.0308
-0.028
-0.0252
-0.0224
-0.0196
-0.0168
-0.014
-0.0112
-0.0084
-0.0056
-0.0028
-4.16333634234e-17
0.0028
0.0056
0.0084
0.0112
0.014
0.0168
0.0196
0.0224
0.0252
0.028
0.0308
0.0336
0.0364
0.0392
0.042
0.0448
0.0476
0.0504
0.0532
0.056
0.0588
0.0616
0.0644
0.0672
-0.07
-0.0672
-0.0644
-0.0616
-0.0588
-0.056
-0.0532
-0.0504
-0.0476
-0.0448
-0.042
-0.0392
-0.0364
-0.0336
-0.0308
-0.028
-0.0252
-0.0224
-0.0196
-0.0168
-0.014
-0.0112
-0.0084
-0.0056
-0.0028
-4.16333634234e-17
0.0028
0.0056
0.0084
0.0112
0.014
0.0168
0.0196
0.0224
0.0252
0.028
0.0308
0.0336
0.0364
0.0392
0.042
0.0448
0.0476
0.0504
0.0532
0.056
0.0588
0.0616
0.0644
0.0672
-0.07
-0.0672
-0.0644
-0.0616
-0.0588
-0.056
-0.0532
-0.0504
-0.0476
-0.0448
-0.042
-0.0392
-0.0364
-0.0336
-0.0308
-0.028
-0.0252
-0.0224
-0.0196
-0.0168
-0.014
-0.0112
-0.0084
-0.0056
-0.0028
-4.16333634234e-17
0.0028
0.0056
0.0084
0.0112
0.014
0.0168
0.0196
0.0224
0.0252
0.028
0.0308
0.0336
0.0364
0.0392
0.042
0.0448
0.0476
0.0504
0.0532
0.056
0.0588
0.0616
0.0644
0.0672
-0.07
-0.0672
-0.0644
-0.0616
-0.0588
-0.056
-0.0532
-0.0504
-0.0476
-0.0448
-0.042
-0.0392
-0.0364
-0.0336
-0.0308
-0.028
-0.0252
-0.0224
-0.0196
-0.0168
-0.014
-0.0112
-0.0084
-0.0056
-0.0028
-4.16333634234e-17
0.0028
0.0056
0.0084
0.0112
0.014
0.0168
0.0196
0.0224
0.0252
0.028
0.0308
0.0336
0.0364
0.0392
0.042
0.0448
0.0476
0.0504
0.0532
0.056
0.0588
0.0616
0.0644
0.0672
-0.07
-0.0672
-0.0644
-0.0616
-0.0588
-0.056
-0.0532
-0.0504
-0.0476
-0.0448
-0.042
-0.0392
-0.0364
-0.0336
-0.0308
-0.028
-0.0252
-0.0224
-0.0196
-0.0168
-0.014
-0.0112
-0.0084
-0.0056
-0.0028
-4.16333634234e-17
0.0028
0.0056
0.0084
0.0112
0.014
0.0168
0.0196
0.0224
0.0252
0.028
0.0308
0.0336
0.0364
0.0392
0.042
0.0448
0.0476
0.0504
0.0532
0.056
0.0588
0.0616
0.0644
0.0672
-0.07
-0.0672
-0.0644
-0.0616
-0.0588
-0.056
-0.0532
-0.0504
-0.0476
-0.0448
-0.042
-0.0392
-0.0364
-0.0336
-0.0308
-0.028
-0.0252
-0.0224
-0.0196
-0.0168
-0.014
-0.0112
-0.0084
-0.0056
-0.0028
-4.16333634234e-17
0.0028
0.0056
0.0084
0.0112
0.014
0.0168
0.0196
0.0224
0.0252
0.028
0.0308
0.0336
0.0364
0.0392
0.042
0.0448
0.0476
0.0504
0.0532
0.056
0.0588
0.0616
0.0644
0.0672
-0.07
-0.0672
-0.0644
-0.0616
-0.0588
-0.056
-0.0532
-0.0504
-0.0476
-0.0448
-0.042
-0.0392
-0.0364
-0.0336
-0.0308
-0.028
-0.0252
-0.0224
-0.0196
-0.0168
-0.014
-0.0112
-0.0084
-0.0056
-0.0028
-4.16333634234e-17
0.0028
0.0056
0.0084
0.0112
0.014
0.0168
0.0196
0.0224
0.0252
0.028
0.0308
0.0336
0.0364
0.0392
0.042
0.0448
0.0476
0.0504
0.0532
0.056
0.0588
0.0616
0.0644
0.0672
-0.07
-0.0672
-0.0644
-0.0616
-0.0588
-0.056
-0.0532
-0.0504
-0.0476
-0.0448
-0.042
-0.0392
-0.0364
-0.0336
-0.0308
-0.028
-0.0252
-0.0224
-0.0196
-0.0168
-0.014
-0.0112
-0.0084
-0.0056
-0.0028
-4.16333634234e-17
0.0028
0.0056
0.0084
0.0112
0.014
0.0168
0.0196
0.0224
0.0252
0.028
0.0308
0.0336
0.0364
0.0392
0.042
0.0448
0.0476
0.0504
0.0532
0.056
0.0588
0.0616
0.0644
0.0672
-0.07
-0.0672
-0.0644
-0.0616
-0.0588
-0.056
-0.0532
-0.0504
-0.0476
-0.0448
-0.042
-0.0392
-0.0364
-0.0336
-0.0308
-0.028
-0.0252
-0.0224
-0.0196
-0.0168
-0.014
-0.0112
-0.0084
-0.0056
-0.0028
-4.16333634234e-17
0.0028
0.0056
0.0084
0.0112
0.014
0.0168
0.0196
0.0224
0.0252
0.028
0.0308
0.0336
0.0364
0.0392
0.042
0.0448
0.0476
0.0504
0.0532
0.056
0.0588
0.0616
0.0644
0.0672
-0.07
-0.0672
-0.0644
-0.0616
-0.0588
-0.056
-0.0532
-0.0504
-0.0476
-0.0448
-0.042
-0.0392
-0.0364
-0.0336
-0.0308
-0.028
-0.0252
-0.0224
-0.0196
-0.0168
-0.014
-0.0112
-0.0084
-0.0056
-0.0028
-4.16333634234e-17
0.0028
0.0056
0.0084
0.0112
0.014
0.0168
0.0196
0.0224
0.0252
0.028
0.0308
0.0336
0.0364
0.0392
0.042
0.0448
0.0476
0.0504
0.0532
0.056
0.0588
0.0616
0.0644
0.0672
-0.07
-0.0672
-0.0644
-0.0616
-0.0588
-0.056
-0.0532
-0.0504
-0.0476
-0.0448
-0.042
-0.0392
-0.0364
-0.0336
-0.0308
-0.028
-0.0252
-0.0224
-0.0196
-0.0168
-0.014
-0.0112
-0.0084
-0.0056
-0.0028
-4.16333634234e-17
0.0028
0.0056
0.0084
0.0112
0.014
0.0168
0.0196
0.0224
0.0252
0.028
0.0308
0.0336
0.0364
0.0392
0.042
0.0448
0.0476
0.0504
0.0532
0.056
0.0588
0.0616
0.0644
0.0672
-0.07
-0.0672
-0.0644
-0.0616
-0.0588
-0.056
-0.0532
-0.0504
-0.0476
-0.0448
-0.042
-0.0392
-0.0364
-0.0336
-0.0308
-0.028
-0.0252
-0.0224
-0.0196
-0.0168
-0.014
-0.0112
-0.0084
-0.0056
-0.0028
-4.16333634234e-17
0.0028
0.0056
0.0084
0.0112
0.014
0.0168
0.0196
0.0224
0.0252
0.028
0.0308
0.0336
0.0364
0.0392
0.042
0.0448
0.0476
0.0504
0.0532
0.056
0.0588
0.0616
0.0644
0.0672
-0.07
-0.0672
-0.0644
-0.0616
-0.0588
-0.056
-0.0532
-0.0504
-0.0476
-0.0448
-0.042
-0.0392
-0.0364
-0.0336
-0.0308
-0.028
-0.0252
-0.0224
-0.0196
-0.0168
-0.014
-0.0112
-0.0084
-0.0056
-0.0028
-4.16333634234e-17
0.0028
0.0056
0.0084
0.0112
0.014
0.0168
0.0196
0.0224
0.0252
0.028
0.0308
0.0336
0.0364
0.0392
0.042
0.0448
0.0476
0.0504
0.0532
0.056
0.0588
0.0616
0.0644
0.0672
-0.07
-0.0672
-0.0644
-0.0616
-0.0588
-0.056
-0.0532
-0.0504
-0.0476
-0.0448
-0.042
-0.0392
-0.0364
-0.0336
-0.0308
-0.028
-0.0252
-0.0224
-0.0196
-0.0168
-0.014
-0.0112
-0.0084
-0.0056
-0.0028
-4.16333634234e-17
0.0028
0.0056
0.0084
0.0112
0.014
0.0168
0.0196
0.0224
0.0252
0.028
0.0308
0.0336
0.0364
0.0392
0.042
0.0448
0.0476
0.0504
0.0532
0.056
0.0588
0.0616
0.0644
0.0672
-0.07
-0.0672
-0.0644
-0.0616
-0.0588
-0.056
-0.0532
-0.0504
-0.0476
-0.0448
-0.042
-0.0392
-0.0364
-0.0336
-0.0308
-0.028
-0.0252
-0.0224
-0.0196
-0.0168
-0.014
-0.0112
-0.0084
-0.0056
-0.0028
-4.16333634234e-17
0.0028
0.0056
0.0084
0.0112
0.014
0.0168
0.0196
0.0224
0.0252
0.028
0.0308
0.0336
0.0364
0.0392
0.042
0.0448
0.0476
0.0504
0.0532
0.056
0.0588
0.0616
0.0644
0.0672
-0.07
-0.0672
-0.0644
-0.0616
-0.0588
-0.056
-0.0532
-0.0504
-0.0476
-0.0448
-0.042
-0.0392
-0.0364
-0.0336
-0.0308
-0.028
-0.0252
-0.0224
-0.0196
-0.0168
-0.014
-0.0112
-0.0084
-0.0056
-0.0028
-4.16333634234e-17
0.0028
0.0056
0.0084
0.0112
0.014
0.0168
0.0196
0.0224
0.0252
0.028
0.0308
0.0336
0.0364
0.0392
0.042
0.0448
0.0476
0.0504
0.0532
0.056
0.0588
0.0616
0.0644
0.0672
-0.07
-0.0672
-0.0644
-0.0616
-0.0588
-0.056
-0.0532
-0.0504
-0.0476
-0.0448
-0.042
-0.0392
-0.0364
-0.0336
-0.0308
-0.028
-0.0252
-0.0224
-0.0196
-0.0168
-0.014
-0.0112
-0.0084
-0.0056
-0.0028
-4.16333634234e-17
0.0028
0.0056
0.0084
0.0112
0.014
0.0168
0.0196
0.0224
0.0252
0.028
0.0308
0.0336
0.0364
0.0392
0.042
0.0448
0.0476
0.0504
0.0532
0.056
0.0588
0.0616
0.0644
0.0672
-0.07
-0.0672
-0.0644
-0.0616
-0.0588
-0.056
-0.0532
-0.0504
-0.0476
-0.0448
-0.042
-0.0392
-0.0364
-0.0336
-0.0308
-0.028
-0.0252
-0.0224
-0.0196
-0.0168
-0.014
-0.0112
-0.0084
-0.0056
-0.0028
-4.16333634234e-17
0.0028
0.0056
0.0084
0.0112
0.014
0.0168
0.0196
0.0224
0.0252
0.028
0.0308
0.0336
0.0364
0.0392
0.042
0.0448
0.0476
0.0504
0.0532
0.056
0.0588
0.0616
0.0644
0.0672
-0.07
-0.0672
-0.0644
-0.0616
-0.0588
-0.056
-0.0532
-0.0504
-0.0476
-0.0448
-0.042
-0.0392
-0.0364
-0.0336
-0.0308
-0.028
-0.0252
-0.0224
-0.0196
-0.0168
-0.014
-0.0112
-0.0084
-0.0056
-0.0028
-4.16333634234e-17
0.0028
0.0056
0.0084
0.0112
0.014
0.0168
0.0196
0.0224
0.0252
0.028
0.0308
0.0336
0.0364
0.0392
0.042
0.0448
0.0476
0.0504
0.0532
0.056
0.0588
0.0616
0.0644
0.0672
-0.07
-0.0672
-0.0644
-0.0616
-0.0588
-0.056
-0.0532
-0.0504
-0.0476
-0.0448
-0.042
-0.0392
-0.0364
-0.0336
-0.0308
-0.028
-0.0252
-0.0224
-0.0196
-0.0168
-0.014
-0.0112
-0.0084
-0.0056
-0.0028
-4.16333634234e-17
0.0028
0.0056
0.0084
0.0112
0.014
0.0168
0.0196
0.0224
0.0252
0.028
0.0308
0.0336
0.0364
0.0392
0.042
0.0448
0.0476
0.0504
0.0532
0.056
0.0588
0.0616
0.0644
0.0672
