2069.86
1983.16
1362.84
1130.48
855.62
721.38
652.84
586.66
533.36
511.72
494.68
412.24
418.98
350.48
361.6
346.12
320.68
292.96
278.64
290.54
257.24
247.26
238.28
233.04
223.52
207.26
206.1
194.1
193.62
181.92
176.66
165.76
170.64
165.04
164.9
154.36
152.08
153.2
147.48
144.38
149.24
138.46
151.06
147.52
139.58
142.38
137.4
137.1
132.72
139.98
132.46
137.96
133.76
131.82
134.18
130.92
131.74
128.84
130.98
133.74
131.58
130.42
133.58
129.88
129.76
133.26
129.16
131.52
129.2
136.46
126.26
129.72
130.48
131.52
125.76
130.88
126.6
132.02
124.72
129.8
126.86
121.76
125.66
127.32
129.32
125.02
126.08
124.52
127.14
126.04
125.96
119.86
123.8
126.42
124.84
129.8
123.96
128.14
137.56
129.04
128.22
124.62
129.22
122.3
119.34
127.22
126.14
129.4
128.82
130.2
128.64
131.82
124.34
125.1
127.74
128.14
123.44
126.24
118.02
128.82
124.66
123.6
122.42
128.38
128.84
120.06
130.56
122.56
123.46
131.98
124.88
126.56
124.4
122.84
119.56
121.1
118.58
123.7
119.28
118.36
123.92
121.26
119.92
122.26
116.24
126.62
125.98
127.62
125.92
126.86
114.02
123.06
123.46
120.42
118.74
128.18
124.34
123.62
127.38
119.6
122.36
114.1
124.56
121.64
107.9
125.34
122.42
122.0
126.74
122.0
116.84
118.14
119.84
121.36
116.12
117.14
119.34
122.86
118.28
117.76
121.92
120.92
120.9
128.64
129.36
128.1
121.46
119.5
121.28
125.04
122.2
131.04
119.38
125.1
128.92
123.3
121.44
123.38
125.54
118.36
