0.0386653585132
0.230725192837
0.421563343524
0.514795641022
0.610300388761
0.617037799088
0.683881558448
0.705164708291
0.746613536087
0.818843355016
0.822289254093
0.820461086182
0.848835790773
0.85808530797
0.892301896949
0.894760867852
0.859505303781
0.883000137601
0.904013606983
0.927450218522
0.945206688599
0.927648871482
0.923970628599
0.895167922378
0.955736330256
0.932627358454
0.929082401049
0.987863632843
0.998756865288
0.990223992043
0.949653838748
0.972964112788
0.976718818768
0.9575114748
0.963646083426
0.942191132034
0.959432312414
1.01561570811
1.00856496015
1.01291022299
0.991259142597
1.03314817085
1.04324648152
0.971401864877
1.0361586483
1.02104759245
0.998497202709
1.03700340162
1.04091706648
1.04278276816
1.02806498089
1.03880245035
1.02106293984
1.00010282894
1.02194126859
1.08133382477
1.02925334019
0.997774637618
0.997640394816
1.018941111
1.05470431042
1.07465555122
1.06740022306
1.07991247402
1.01280221389
0.997015148152
1.04584511568
1.06192773462
1.01160870806
1.0424127396
1.05576873594
1.07069166356
1.03188594234
1.03741131658
1.09062323809
1.07649005926
1.10757699968
1.10261952019
1.05932977912
1.04767722245
1.09828280821
1.0688666967
1.08607393235
1.12602021099
1.06953781487
1.04148311168
1.02923747948
1.07574675204
1.15732438633
1.09006303324
1.08194861635
1.06007670215
1.08688042336
1.0872013423
1.11590911048
1.09815301822
1.09506153311
1.09417214836
1.10462154327
1.1182857411
1.09898156937
1.08763350196
1.09222155106
1.14444208805
1.17275900172
1.08563424931
1.10840713489
1.09501650904
1.10406417156
1.0824335492
1.07222922904
1.11896002828
1.1406640442
1.08134581019
1.05330139988
1.08635200722
1.15449508465
1.1275103089
1.11900917968
1.08989706971
1.11267648121
1.1111466193
1.10357349279
1.13829455624
1.15756468205
1.12640510028
1.15336729712
1.12059753616
1.08503940465
1.13677859448
1.13485710544
1.09468395072
1.11808682277
1.14847429462
1.14352457792
1.08147680184
1.15309783697
1.14194033156
1.19014425419
1.12811957038
1.09989069032
1.15469456877
1.11774797678
1.1747881111
1.15111088982
1.17844732239
1.09320416997
1.14837086814
1.1462608949
1.11813765929
1.11781820094
1.16689624869
1.13493185521
1.14602862131
1.15504858841
1.15728899057
1.09913861967
1.14877483464
1.13243888334
1.12896731332
1.19693740307
1.11948675417
1.16151660635
1.14423423233
1.13767089545
1.14378863501
1.20344563375
1.14089285502
1.20370368421
1.14618224673
1.15845733081
1.12043829246
1.14536193439
1.17497957837
1.19740019571
1.14576675734
1.15142897477
1.16679914639
1.20472790679
1.1519598121
1.16571391607
1.15404146143
1.14909269312
1.12703486753
1.13065645032
1.09887222109
1.17625906575
1.10533732364
1.17007976008
1.14962200074
1.19710207232
1.22623833532
1.16592428307
1.13564702088
1.13651627802
1.15354835828
1.21910451291
1.22105411021
1.18714472693
1.16551056515
1.16914068908
1.17225875252
1.16932447488
1.22227923541
1.16249327034
1.15962526831
1.20800894134
1.1962925602
1.21500090857
1.21482269067
1.16992044871
1.214254856
1.19963943823
1.21751887947
1.26117831885
1.15405726693
1.14022592598
1.19262911076
1.23352604497
1.14780482601
1.14811573211
1.19429559964
1.19089789652
1.1830654735
1.20183580315
1.20954853705
1.16049295966
1.2099385446
1.21687653127
1.20475632221
1.21665347527
1.16397122237
1.17062733587
1.18306444374
1.22890302793
1.19925815253
1.2435130153
1.26676581048
1.23640151474
1.17539173629
1.21403200127
1.20698944596
1.23820650723
1.20634496423
1.25647738945
1.21296164465
1.21526398226
1.20557777408
1.22405822346
1.24158762411
1.22894110187
1.23495673889
1.22730442583
1.19204008065
1.17707440414
1.26535004742
1.18209403479
1.21267034061
1.24509557525
1.22774856207
1.24632298293
1.23716618255
1.20462694562
1.2334978357
1.24113899209
1.20108335203
1.19712280563
1.22217464515
1.25038241753
1.22332774608
1.2417439028
1.24378232663
1.23448046816
1.20357520129
1.25544570186
1.25664359061
1.23238430644
1.25321142819
1.20933867201
1.21363822287
1.1664167789
1.25531393902
1.20998652228
1.26372142766
1.20962094012
1.21681664322
1.25875127568
1.25112587989
1.23200307055
1.27252822152
1.23452687679
1.21780396497
1.23101299476
1.26002805496
1.23440323713
1.25824981402
1.25622880556
1.23205573237
1.21981813322
1.24328246272
1.25536679685
1.23335194497
1.22168710794
1.23723174178
1.24333327751
1.20772639844
1.29769077582
1.25784813732
1.21734366236
1.20957174663
1.22894675968
1.22859402336
1.25070296758
1.24523203672
1.2959983743
1.232183675
1.23891257817
1.27083757565
1.21824647367
1.24960654718
1.27003112901
1.27368685566
1.24588259085
1.27278026052
1.25921257123
1.24211684469
1.2811388777
1.2514427944
1.28213816391
1.26909440737
1.24173104155
1.25825009658
1.28923680761
1.22616500101
1.25114485347
1.26391279464
1.2828414113
1.22808218873
1.28534365486
1.23644435724
1.24534994308
1.30677445896
1.26441161641
1.27074146276
1.22915928581
1.26497394902
1.30648229991
1.24916672561
1.23406935664
1.24658538403
1.2747682177
1.25044496492
1.26100764421
1.26926882207
1.2295865138
1.22173101733
1.31129234755
1.26482071949
1.28194034456
1.25332390235
1.27661302621
1.20555657938
1.26359551923
1.26126607448
1.23664366513
1.27271783415
1.29176783747
1.29556216295
1.26629570235
1.26664330898
1.23215937441
1.25496615344
1.28357437491
1.29766606824
1.26652154222
1.27351708387
1.24620866079
1.27530845137
1.28154254186
1.29558293811
1.28481402693
1.26750813995
1.34221894839
1.23545177584
1.31923913268
1.30788221827
1.28503169415
1.26858223996
1.22982563313
1.26044290373
1.23890204321
1.2629235547
1.32060664779
1.27265781012
1.28079384314
1.22384613008
1.21992064865
1.27022721184
1.26168531921
1.28133035276
1.29197434811
1.27182215754
1.29199937831
1.30077748744
1.27698408865
1.28088313997
1.29113880684
1.24119991494
1.2884570573
1.24078619164
1.29277058608
1.22816882316
1.30757317213
1.29608234318
1.29148908424
1.28985186274
1.29238815931
1.24651833339
1.27889623788
1.33638541995
1.2539972835
1.28463355225
1.28084954372
1.29687419278
1.26474512941
1.30123642679
1.26495949681
1.26987466844
1.30754224902
1.20971624435
1.27705315995
1.30481412268
1.2788329863
1.29077704967
1.28063834168
1.3290762955
1.23861698696
1.28590694479
1.28669701113
1.25277188797
1.29989517129
1.29225423522
1.31783319721
1.29831632499
1.29802244684
1.26773612484
1.2947611477
1.27806600639
1.29335990038
1.29225588281
1.27785848332
1.2308049494
1.24550648249
1.28663865301
1.26391157591
1.26958305617
1.26454674521
1.2846768174
1.2930184276
1.28552023431
1.30033106965
1.22745045792
1.28658808612
1.36475946772
1.28084362839
1.3007558806
1.30880204997
1.26992134197
1.31302228776
1.31770928061
1.34046081308
1.26396468858
1.27087058733
1.27202032153
1.29404099477
1.28555653136
1.33983658508
1.31441724964
1.28394511521
1.28382689269
1.27185309305
1.30586002404
1.29476167724
1.24118253398
1.3184241494
1.28612730635
1.26757340941
1.3038418319
1.32362481306
1.28332302354
1.30044776591
1.32269625494
1.25561342324
1.28281770787
1.30105555564
1.3146569287
1.29060003196
1.30025719185
1.30055111714
1.30342319134
1.31895774987
1.26445519551
1.36886389562
1.30664382928
1.29379067981
1.26838987511
1.31907536744
1.28191778618
1.27377112611
1.32336974122
1.31563855468
1.27743912423
1.33809212649
1.34871619231
1.32059905436
1.29930322136
1.33078872903
1.28054064042
1.29664478678
1.30281232259
1.32656060197
1.29025665938
1.28495691936
1.28829298836
1.32254298886
1.30886298071
1.32373594594
1.33923036911
1.32405662229
1.29024413388
1.27979625007
1.26693281376
1.31974764626
1.31128358257
1.33043286783
1.30786750089
1.28989103383
1.2964192925
1.32722772117
1.35153162077
1.31678826071
1.28650220243
1.30433747595
1.28081098629
1.38213470215
1.32777955421
1.28518646586
1.34978644458
1.32860602156
1.33189172686
1.28301227794
1.29780092742
1.33875385913
1.28270461761
1.35964213742
1.31529113799
1.31806890172
1.28645128861
1.33338002777
1.23945628584
1.35406151826
1.32293416698
1.3376038186
1.30706828545
1.32774884689
1.327213892
1.26645691339
1.26829451807
1.31122219687
1.35783708676
1.33220868097
1.3560753965
1.35170196669
1.3024596716
1.29650590454
1.31679008755
1.31632961895
1.33031725615
1.32780833947
1.33916310541
1.36471541191
1.31790198454
1.310963418
1.28634284097
1.3317643716
1.26417351721
1.29260327425
1.32162977297
1.32541385099
1.30128563491
1.33499261031
1.32930967953
1.3051073421
1.3321645811
1.32292704099
1.34394836227
1.29286419219
1.29103308685
1.30957915306
1.32954633314
1.34030133076
1.31171851788
1.25401288116
1.34299895156
1.32610306976
1.31561587653
1.34483245964
1.36034395425
1.35774114762
1.2752658671
1.35700228602
1.40578522303
1.35270724701
1.3125522355
1.33349791376
1.24273298398
1.29440000108
1.32427727284
1.32943093448
1.30108893147
1.28567012083
1.3488161181
1.29990419204
1.31094208664
1.27600978377
1.34224222768
1.3263499769
1.36726108881
1.28659369085
1.31718355156
1.33672795825
1.35323093002
1.34865328087
1.38730759508
1.30157086228
1.34322054705
1.32850285669
1.34154945203
1.36021036885
1.35712332142
1.33496414984
1.38541555831
1.32783602715
1.29750912162
1.28790819664
1.35096816947
1.35845097968
1.31250720719
1.31526189544
1.35227973622
1.35327087456
1.31730397166
1.34188251606
1.2872364223
1.33828525662
1.32835309283
1.35469164051
1.32846890351
1.34731321133
1.35379991576
1.34863028676
1.35571218715
1.29710866539
1.35911417742
1.30427780152
1.35607160573
1.32507927761
1.29936198375
1.31916188063
1.38372083199
1.3560211946
1.36524313021
1.35482161043
1.37559615696
1.35441891692
1.39152885016
1.26978975584
1.28642914745
1.33326231669
1.37347650885
1.372969823
1.31022201441
1.34972544127
1.29024592533
1.34053753228
1.3406788055
1.33076484904
1.36019813948
1.3148095154
1.30739879157
1.35843560888
1.34163978515
1.31258610758
1.34847407688
1.33372101962
1.38882753157
1.32535487862
1.34620602932
1.37544648858
1.31658029168
1.34977886777
1.37038456417
1.30490178545
1.3463781385
1.3303993813
1.36658233335
1.31566110081
1.37706616227
1.34397564718
1.29020721586
1.29991174312
1.35971048144
1.34602552752
1.28629230008
1.34707391784
1.29395164282
1.30504564071
1.34869376769
1.32740271929
1.30941826103
1.32198999866
1.30501875826
1.36303542205
1.3340312229
1.3270703943
1.36837067897
1.35008304121
1.33790609396
1.37872362234
1.34564879556
1.37352820727
1.38420573987
1.34863940606
1.33078957972
1.36077376642
1.31284106946
1.28597179467
1.38764803064
1.39248850575
1.33794779559
1.35045770741
1.34862919912
1.32456140158
1.34187248381
1.32297106633
1.34725476131
1.36906050508
1.32271064056
1.39221363765
1.33057387587
1.2947631218
1.39233157041
1.36853239842
1.3221045494
1.33396383975
1.3361705315
1.33362775095
1.31740336449
1.37076013073
1.36325609183
1.35887041659
1.32239106008
1.33649480767
1.34168824296
1.33269151355
1.37796449584
1.35448027103
1.33591629596
1.34249212108
1.33186309271
1.36481826581
1.36465487352
1.32096091606
1.39483098078
1.31975708436
1.3613268599
1.34378511104
1.35437076645
1.34091514045
1.33538753691
1.33987760395
1.38911989362
1.30508685004
1.36182564783
1.37821327609
1.34956918325
1.34657946416
1.3728463004
1.36141626391
1.36732936102
1.32235249722
1.33604552385
1.40690560816
1.37849078974
1.33752218122
1.35196204743
1.3544028134
1.3794065358
1.34417891426
1.36804658045
1.37580871734
1.36884813751
1.32715026595
1.36533074893
1.35776394979
1.34268019939
1.35982872431
1.36522427661
1.33498346529
1.32020277425
1.34634391651
1.3118307975
1.343420255
1.31657672503
1.35532887126
1.35204589574
1.39192472898
1.31633650517
1.33852841226
1.3620783193
1.31938077842
1.35772275048
1.35008206951
1.42498959432
1.30455089551
1.34290008465
1.33593146728
1.34989265789
1.3157340246
1.32486146828
1.31725368204
1.31588776084
1.34656000955
1.36027222775
1.34128693039
1.42685097609
1.33372505451
1.35727679032
1.35203322775
1.366557328
1.39630547889
1.33814554485
1.36238577658
1.30505490131
1.38608411667
1.33797581735
1.35160132733
1.33367428973
1.32020253674
1.34597217871
1.36101263661
1.36949097245
1.34854847538
1.36752799126
1.41728441941
1.31624765348
1.35008434464
1.35617380488
1.33348919958
1.33460878537
1.34269514873
1.35058549223
1.34916776665
1.3610072452
1.3640510622
1.35605421852
1.38332582744
1.38700564932
1.33993528016
1.37227676888
1.32648262594
1.37959892547
1.33217329257
1.31711372041
1.35350118793
1.38468370878
1.34749497525
1.3293947923
1.3275131021
1.34898351002
1.32911989893
1.37096949184
1.40672157292
1.33451724202
1.40733573087
1.36923991237
1.34370483274
1.38595172556
1.36675400949
1.33699258012
1.3502218714
1.36044474143
1.31986404247
1.3280214573
1.34928865234
1.38199650944
1.34316650809
1.34481412306
1.38964200021
1.36243633009
1.3244121033
1.33179728456
1.42122571051
1.3873965238
1.36243110605
1.37573894435
1.37921903552
1.34132857557
1.35251108313
1.42936902728
1.40846569012
1.33215831324
1.3835785544
1.35633673213
1.35361895873
1.34146148378
1.35927274649
1.41072345982
1.38084548326
1.37431705759
1.36303110308
1.40008699964
1.36475328542
1.37659798661
1.33646636781
1.34584868055
1.36792500618
1.34967692625
1.34597646543
1.41393500186
1.35812198496
1.36570291319
1.36792117478
1.34867469604
1.32953917473
1.36124124276
1.3744664839
1.33874379128
1.36521249027
1.34718350887
1.32540572494
1.31331557023
1.40909519272
1.35730140078
1.3904062857
1.41274387431
1.36851929445
1.40247222171
1.31361820795
1.36317042618
1.37166959207
1.35043624178
1.35070790473
1.34276010292
1.3426473231
1.38660839604
1.33634166964
1.36768172715
1.38887009704
1.41497774931
1.34328310022
1.36325929681
1.38893713142
1.32645731336
1.34525057383
1.37724227222
1.35907601072
1.34474871133
1.34165048371
1.31311739693
1.32120716918
1.39903195875
1.36266011736
1.37655576161
1.35959040043
1.40897652501
1.32607022804
1.37201122212
1.34326352671
1.37155991775
1.38088652262
1.39496329765
1.39219238958
1.35113945442
1.37139939539
1.37119623278
1.34808121974
1.34896132129
1.36224338023
1.35209954725
1.41459116554
1.41765433959
1.40407273759
1.43662067056
1.36381722115
1.38132820602
1.37428393343
1.34372957571
1.35968634157
1.35478920482
