-0.033813341706
-0.0252871163086
0.0700964334851
0.0254343728835
-0.0185579053286
0.0195246309302
-0.00534909977787
-0.00321967097215
0.022816838871
-0.033225262928
1.11076103222
0.766520509755
0.516489751776
0.430653879646
0.229886326835
0.122071743492
0.0394343733709
-0.0781784019419
-0.112006099897
-0.163805268414
0.080747756494
0.288992011374
0.353377655472
0.361447858034
0.417932132153
0.418607605256
0.351237692033
0.287471183476
0.235891857418
0.199813032073
0.242657888622
0.226674754797
0.266763378081
0.318131152437
0.283108261543
0.269079418205
0.282608460683
0.307909764637
0.315012062902
0.285448153931
0.318895400903
0.293967349117
0.309116416018
0.307855600835
0.3279176764
0.287794736525
0.329977345029
0.37710060168
0.380621865894
0.386401441452
0.371168650682
0.371188035997
0.411998600195
0.336975565542
0.309182429131
0.350062127473
0.330236202835
0.365488472427
0.409177693835
0.370140328076
0.380178856167
0.388814089446
0.385109453008
0.418118150056
0.43897462326
0.446656171113
0.388443471735
0.447801988553
0.412095863151
0.43799256488
0.505350981251
0.425091483484
0.468341813689
0.417831777472
0.413833129364
0.456122594956
0.452537400245
0.503205889186
0.504281037746
0.43222032185
0.480664955501
0.557951708999
0.509292175237
0.538374179326
0.509790891826
0.559023859946
0.537599744467
0.606312205953
0.546686913682
0.554693360416
0.586041024576
0.599324386568
0.520347525899
0.595710902447
0.589021724181
0.604387350829
0.648445743488
0.59970943554
0.600882104759
0.6626441979
0.637724254146
0.680335424301
0.708605589653
0.731610211848
0.65545832075
0.671440265961
0.648095594202
0.704803304487
0.732258896994
0.741320332167
0.792769568786
0.746141957271
0.703595479287
0.726418123575
0.70748519783
0.722988540325
0.767350853889
0.794168490461
0.803289193714
0.812183356171
0.803865325046
0.870699802894
0.815658677937
0.814713651042
0.782628212393
0.832609759802
0.805274187309
0.833294100873
0.813608876344
0.833704499509
0.821573580292
0.801944939021
0.823422087075
0.877031117465
0.903729567105
0.887588428693
0.875079531604
0.929429846636
0.916277767567
0.919205956755
0.950303825871
0.924039014796
0.92128836798
0.950998053569
0.97508416565
0.920257465572
0.902253039098
0.974641962488
0.999371218217
0.962056163778
0.975414789468
0.994683235499
0.988830193322
1.01177718559
0.97406847053
1.02106545193
1.02836644557
1.0214659695
1.02999815358
1.0353085803
1.01462774633
1.0736027555
1.11547454025
1.0793762218
1.07469157848
1.0778666248
1.11010056057
1.0676313134
1.09820103163
1.08027524143
1.13270950831
1.0641208294
1.12401091671
1.18738808227
1.13023430954
1.12415793252
1.09341422952
1.14659855743
1.13499643212
1.14148491647
1.15930371832
1.17727451158
1.13234866725
1.13551403718
1.19587250121
1.21452177599
1.21217227283
1.18198737087
1.17600894799
1.16485634185
1.15926040436
1.20758927482
1.23229564868
1.19014317267
1.17438659312
1.16321484943
1.21406129181
1.2195062186
1.20410653758
1.15813087343
1.24761224627
1.22447300589
1.19159529032
1.2336962762
1.24632214406
1.24033411502
1.26778406447
1.23480094683
1.24831533237
1.26167093193
1.2406095257
1.29128847822
1.30170914946
1.27709768897
1.28080496308
1.29463244074
1.30755039199
1.30056941055
1.25104458739
1.29023769857
1.32275934328
1.29671239838
1.27712810912
1.30275189355
1.28857621925
1.30327119053
1.34514646374
1.2749202128
1.27410108265
1.31100618704
1.31541851147
1.35856159489
1.28793376706
1.3335013477
1.33862440209
1.30416025894
1.32438733188
1.33461863397
1.32126059845
1.35613812034
1.30741108657
1.30797229465
1.30728965971
1.35790705477
1.34285165187
1.30791992876
1.34783697211
1.34492165157
1.35470425597
1.37267816837
1.34903114235
1.3102645073
1.31741304023
1.37672734364
1.35921280713
1.36193270575
1.31408244792
1.35321352694
1.34136565801
1.33890769869
1.37082071751
1.33301367623
1.33784548805
1.33896422503
1.32764972197
1.35792083283
1.35298563984
1.35194142105
1.32858964307
1.36064242037
1.34956430489
1.31359610863
1.39119650587
1.39473554593
1.34854801987
1.3568187291
1.3786520171
1.38214381335
1.38185413518
1.35244321665
1.37254977338
1.36338313289
1.35974801719
1.36608509358
1.37496683803
1.38907445643
1.39528536065
1.35514334821
1.38332488931
1.41990439619
1.44378518399
1.40568616389
1.41176047374
1.41588924611
1.41761570649
1.40660572729
1.37943685089
1.40447477468
1.40299936382
1.44547477531
1.39599050072
1.39173677577
1.40228454226
1.37141618025
1.43102368172
1.42276578339
1.38095061734
1.34963416666
1.3997022525
1.40972705368
1.39732365879
1.39553737985
1.37914346231
1.39677411434
1.4033840208
1.39985908299
1.36020293078
1.41151753035
1.44085878506
1.4329332952
1.42148500357
1.36073492016
1.37021522556
1.44243557094
1.40757386012
1.40940119985
1.43061488014
1.42668987809
1.42399952255
1.42568916452
1.4236515551
1.42364127897
1.43341002417
1.38086642078
1.43970088068
1.42115784264
1.45403449646
1.42381892962
1.39025398858
1.45115049463
1.43025622288
1.44548004586
1.45268200159
1.39960791107
1.3940413208
1.44326237694
1.42427060476
1.41466560336
1.45131357606
1.44226585279
1.45629721187
1.4322328283
1.45426881183
1.47686051764
1.45048856582
1.45792451398
1.44199380058
1.46763452112
1.43444843138
1.42590287151
1.46687668714
1.43384987911
1.4435294619
1.46515843374
1.42458383022
1.43714192072
1.44035765686
1.41493952664
1.42521239286
1.46675446822
1.42228059431
1.44474840643
1.44613829142
1.42186184727
1.46943590524
1.46790155988
1.42783385718
1.40369560618
1.42861473
1.46731800024
1.42108870285
1.42089638754
1.42212537785
1.476241116
1.41335221183
1.49897475922
1.48361048107
1.42986622487
1.4674465648
1.45331663011
1.44249727269
1.45182774311
1.45599519796
1.41401114769
1.42413280411
1.45063032706
1.46430445034
1.45333720449
1.4625723389
1.48400770157
1.44398646716
1.48467352613
1.46585937919
1.44320099445
1.48823628041
1.4488176679
1.45765561988
1.45893748797
1.4854715347
1.44343905482
1.45755968659
1.46894147242
1.44729273437
1.41076616911
1.45207127557
1.44083955857
1.44567793763
1.46680511792
1.46686959633
1.52475179086
1.42327598625
1.43546693251
1.44960092149
1.47158224131
1.47799084333
1.46074206164
1.47760826461
1.48020651671
1.47410464881
1.46417056325
1.50715218449
1.45711534951
1.48386949466
1.51249801953
1.47750456226
1.48201522574
1.47435343066
1.50130830183
1.49056453258
1.46399457934
1.47498942164
1.47347899107
1.48796504165
1.46448066867
1.45041602739
1.45467357316
1.44425253734
1.46652411677
1.47693241462
1.47514171081
1.4489931683
1.47249224406
1.45696705542
1.48904212496
1.46155607937
1.5403032573
1.45727419347
1.45641006257
1.47335293968
1.52931680419
1.47967821078
1.44898321291
1.44714137146
1.48687320743
1.47588328196
1.44683978471
1.45773716097
1.44974687714
1.48005490954
1.47972164894
1.46488978619
1.51986937385
1.51237584512
1.45207048627
1.46567434805
1.49422424561
1.47695543845
1.44709415073
1.48258834351
1.48875805325
1.46031892139
1.4940856512
1.427312772
1.48891804364
1.48848191216
1.47716940721
1.45707554363
1.46850711645
1.44348395765
1.46879270967
1.46674437842
1.50999494796
1.46107260422
1.50808611158
1.48436296241
1.45729204028
1.49037969388
1.47683320217
1.50333997852
1.47843661602
1.49668584556
1.48354473755
1.44441394206
1.48303127301
1.48993088415
1.51801754529
1.5517840817
1.52707792629
1.45985920544
1.5042864844
1.48893590462
1.51822180499
1.50311102555
1.50471151687
1.49647795003
1.4739423411
1.50835803594
1.45128398433
1.48763755334
1.50443103682
1.47278078745
1.48263057909
1.4814086191
1.50609670143
1.45762423272
1.46928593232
1.4595743988
1.53769996832
1.48192336982
1.53668996966
1.46564792174
1.50270842306
1.48045673949
1.52138470706
1.49424773722
1.48037863197
1.49335333192
1.48188011539
1.46179288118
1.51584595613
1.50147627413
1.47893448063
1.49986698338
1.50734066549
1.51970006659
1.4510930576
1.47198133649
1.48986570953
1.51403814802
1.48488815001
1.49648530534
1.50701563168
1.48861761818
1.48957693244
1.46219107628
1.46918653972
1.47803750349
1.48217561699
1.52929443661
1.48990984782
1.50363515786
1.47096273165
1.42331942098
1.4972481172
1.50852057977
1.49738236037
1.47838588673
1.49347322266
1.4842120827
1.47678694366
1.47666494146
1.51088313829
1.48058119936
1.49466296593
1.54118673583
1.52260246155
1.507021713
1.48394146885
1.51144793646
1.49545167608
1.45852289063
1.47678076219
1.48749397763
1.52222063014
1.50195464098
1.46016114034
1.50912368973
1.48118874251
1.48375434668
1.45738827663
1.51294798161
1.47343235939
1.52201277828
1.50659909213
1.46338514687
1.4878623095
1.45800159592
1.54164791531
1.48516527867
1.47857503108
1.51519926701
1.51352917622
1.51055168876
1.47220285708
1.52590802258
1.49710671616
1.47669526548
1.45674763135
1.47758419217
1.48222424674
1.4925311602
1.48751741335
1.49722992194
1.48086243914
1.52261448032
1.4453980985
1.53788419409
1.48166605574
1.49232916855
1.48637398046
1.49532529051
1.53371801367
1.47887177032
1.52919510138
1.47399865893
1.47534760624
1.45694461088
1.4678242882
1.51368374018
1.53417938909
1.50872699503
1.47847370471
1.46527604101
1.49236922235
1.49957402736
1.48806658718
1.50703715381
1.51247101582
1.49061986708
1.50476032395
1.51794049699
1.50906945028
1.5258022154
1.47514707209
1.52363461183
1.48299233856
1.50385081226
1.47277887403
1.51700467788
1.49804738993
1.48466091758
1.4902354391
1.51187769914
1.50097869164
1.48508215994
1.50952205852
1.49021877529
1.47246653584
1.48239308763
1.50452941162
1.54172262699
1.49083597907
1.51655311448
1.49665420168
1.46959286013
1.52994747076
1.47504791195
1.52639699817
1.53676015418
1.48521876601
1.48529287212
1.45869576214
1.48570841343
1.49502866873
1.4598421781
1.50498020697
1.48720854037
1.44381554443
1.50923700952
1.4765111996
1.42406032732
1.47480575857
1.48100514423
1.52337191711
1.51077339398
1.46780160157
1.54970847337
1.47823493709
1.52888338362
1.51797790031
1.51115799573
1.49570836255
1.45525928525
1.49015204136
1.50732835642
1.49370934953
1.48149224402
1.5047046658
1.48193254059
1.50178826699
1.49397989328
1.48299505607
1.50268454633
1.52789599565
1.45617636721
1.50112856269
1.49976505376
1.4948015268
1.45395502055
1.52158875136
1.51002988194
1.49226510369
1.48495891012
1.49137603481
1.49354285493
1.52730322199
1.53474523543
1.50728005199
1.45935290262
1.50864808247
1.47892559301
1.51531369555
1.50475643817
1.52571018968
1.51110925717
1.49097913441
1.49408034064
1.52305632158
1.47660381302
1.47744368627
1.49009949814
1.46966851121
1.48081840898
1.49920304993
1.49675601434
1.52207107789
1.47791257178
1.48468896053
1.48430304198
1.47904412213
1.50025778951
1.5283362453
1.49726845931
1.52556002556
1.44644358624
1.4558028525
1.49963118324
1.50744214975
1.50968366127
1.49460126178
1.52917977253
1.50592277712
1.49181862877
1.48957154011
1.54409783971
1.50052681551
1.48784542364
1.50841551176
1.49715213533
1.52360390746
1.49613321809
1.48254770164
1.50648803997
1.47284140187
1.48360397744
1.53090677887
1.47097470748
1.51546501943
1.51804321869
1.55734594361
1.49313625279
1.50507422147
1.50007851776
1.50218494272
1.51176658724
1.54676968564
1.50776406062
1.51061227055
1.51243147404
1.48938671327
1.50946176839
1.5079925871
1.52222255155
1.52690238233
1.48813657287
1.53754321827
1.48832472003
1.53593748959
1.53204566274
1.51473657947
1.50593603218
1.53923168477
1.51283721273
1.50364895297
1.51297189134
1.4977299751
1.51672706615
1.48971583699
1.51254929829
1.53667726246
1.52421581791
1.52073128056
1.45543445221
1.52847141694
1.52345321374
1.47788176346
1.52360692006
1.51607574609
1.48078047417
1.51585245481
1.51269170575
1.53641074891
1.48075335897
1.52049857848
1.47809089709
1.5040659515
1.49302878072
1.50107846763
1.51139064937
1.50131406534
1.52342056339
1.50305563942
1.52438291894
1.51228929458
1.48455267101
1.51791600498
1.46486196593
1.52563021115
1.52108283825
1.47594409311
1.54423824875
1.49058817985
1.54376174324
1.50868958036
1.4911467356
1.5065664632
1.51556681036
1.53206619009
1.52624938825
1.53846194069
1.52591919422
1.53056044172
1.52693368913
1.53029611081
1.52260695577
1.53150431587
1.52575193397
1.49662120866
1.5011527968
1.50057425961
1.48105431004
1.47473834415
1.50969723463
1.5027757291
1.51719923705
1.470570483
1.52436411564
1.51844806904
1.50113272328
1.51252638544
1.52374311407
1.49071899342
1.47340840888
1.52334167127
1.53006056892
1.46101702642
1.5207643215
1.53242932017
1.53084435848
1.5022111895
1.52686522351
1.52475103999
1.47176997847
1.50740436014
1.49154491353
1.5016198022
1.4915413442
1.51564883088
1.46479239779
1.51359163246
1.51142721532
1.50365618963
1.49421189112
1.51059539109
1.47956525414
1.4804828286
1.49019165548
1.51389514567
1.51995876556
1.52502269858
1.50936986355
1.51848054145
1.5137377686
1.52221120531
1.50047616427
1.47550253305
1.54201063476
1.5347962883
1.47982928012
1.44932303736
1.51317997044
1.50524796974
1.48936963801
1.49826922624
1.52843321697
1.56281230985
1.48561401847
1.53700476238
1.47061777043
1.45768260975
1.50184966055
1.50739573049
1.50522239107
1.49721172502
1.46703172525
1.53765487934
1.51301182212
1.51504502741
1.49638469113
1.52416533996
1.49064695715
1.50357372079
1.4748891759
1.44101078769
1.50981040438
1.4921799611
1.47275346688
1.53033847574
1.54528531891
1.52033998026
1.48272906304
1.48265738986
1.5174043053
1.49156630935
1.50472130037
1.53048252067
1.53903433147
1.53864040783
1.51442268466
1.51429223717
1.52421711211
1.49645981408
1.49165838233
1.52343952141
1.51665737925
1.51570274736
1.48500566486
1.50841698618
1.55366511199
1.50661851711
1.47782791202
1.53701334114
1.54218809169
1.509732309
1.51801974563
1.53026581869
1.53306247476
1.50234065127
1.50250965318
1.52422030825
1.4998009141
1.52946514179
1.50496858637
1.46238988242
1.4909093293
1.48856057049
1.49774265657
1.5188936612
1.53959825343
1.50244576591
1.52164905038
1.51845315728
1.48215081288
1.53201003685
1.51504414032
1.53719152242
1.52180694362
1.51202305301
1.55659755314
1.51400492529
1.5037320653
1.51454485232
1.50982130571
1.48839462558
1.51572421676
1.53030901307
1.52056679414
1.51545688955
1.51331139212
1.51283668329
1.51721226622
1.54597105708
1.49886578427
1.50943370663
1.5581369434
1.49801638134
1.54298340226
1.5279818269
1.51798517652
1.55854199365
