0.145
0.1725
0.1885
0.208
0.228
0.2435
0.246
0.262
0.274
0.2835
0.295
0.292
0.3055
0.3
0.3175
0.313
0.322
0.317
0.3345
0.3185
0.333
0.332
0.335
0.352
0.3375
0.343
0.352
0.3525
0.352
0.348
0.364
0.36
0.355
0.3525
0.3555
0.3675
0.3635
0.3715
0.3625
0.367
0.373
0.3735
0.373
0.371
0.3845
0.3755
0.3855
0.3765
0.3965
0.3825
0.3845
0.3905
0.3805
0.3875
0.395
0.3915
0.39
0.392
0.401
0.402
0.3995
0.396
0.398
0.402
0.394
0.3985
0.403
0.4025
0.401
0.413
0.4085
0.4095
0.404
0.4085
0.41
0.4185
0.4105
0.408
0.4135
0.4215
0.4195
0.414
0.4085
0.413
0.4135
0.4125
0.4165
0.416
0.4195
0.4225
0.4195
0.4225
0.425
0.4205
0.43
0.4245
0.4325
0.426
0.431
0.426
0.4285
0.4335
0.44
0.4385
0.4365
0.432
0.4405
0.428
0.437
0.4335
0.439
0.442
0.439
0.4435
0.442
0.4435
0.4525
0.4345
0.443
0.4495
0.4525
0.445
0.4455
0.457
0.4515
0.4465
0.4575
0.445
0.451
0.4535
0.449
0.4595
0.453
0.4535
0.4615
0.4575
0.4545
0.4635
0.46
0.4675
0.47
0.4665
0.4635
0.469
0.463
0.46
0.4655
0.465
0.4685
0.462
0.4655
0.467
0.4655
0.4685
0.474
0.4715
0.474
0.466
0.473
0.475
0.481
0.479
0.476
0.476
0.4735
0.487
0.4855
0.4835
0.4855
0.491
0.4845
0.483
0.4915
0.4855
0.4885
0.4855
0.4955
0.4995
0.4885
0.501
0.5015
0.4945
0.491
0.4915
0.492
0.4935
0.494
0.498
0.497
0.5015
0.5015
0.495
0.499
0.502
0.5025
0.517
0.5135
0.503
0.504
0.502
0.4995
0.5105
0.5115
0.5165
0.517
0.516
0.5155
0.518
0.512
0.5205
0.5235
0.526
0.521
0.5175
0.514
0.5255
0.524
0.5285
0.527
0.53
0.524
0.5195
0.5325
0.5225
0.54
0.5255
0.5345
0.529
0.5375
0.5335
0.53
0.525
0.533
0.5355
0.5425
0.5395
0.547
0.5395
0.543
0.54
0.5375
0.542
0.55
0.544
0.539
0.542
0.5435
0.5395
0.546
0.542
0.552
0.551
0.5465
0.55
0.561
0.5425
0.544
0.555
0.5545
0.5535
0.561
0.5445
0.552
0.5585
0.556
0.5555
0.56
0.564
0.5625
0.5635
0.5545
0.561
0.5535
0.554
0.565
0.5605
0.56
0.556
0.5605
0.562
0.568
0.5665
0.574
0.5625
0.572
0.5755
0.573
0.568
0.571
0.571
0.5725
0.577
0.58
0.5635
0.5685
0.578
0.577
0.576
0.5735
0.5775
0.577
0.579
0.5725
0.5785
0.5695
0.5855
0.576
0.5775
0.582
0.575
0.572
0.5815
0.583
0.59
0.579
0.5785
0.583
0.5815
0.5835
0.596
0.5875
0.599
0.5965
0.5845
0.5865
0.5835
0.586
0.5985
0.5895
0.597
0.59
0.599
0.5945
0.5885
0.59
0.5955
0.586
0.5915
0.592
0.595
0.5955
0.591
0.5915
0.598
0.5955
0.5995
0.5985
0.5885
0.5935
0.6075
0.601
0.6025
0.602
0.596
0.6015
0.5925
0.5935
0.597
0.606
0.6095
0.598
0.608
0.6135
0.605
0.6095
0.6065
0.611
0.6155
0.606
0.6075
0.605
0.6085
0.609
0.606
0.6095
0.5985
0.6095
0.611
0.6175
0.617
0.618
0.621
0.6145
0.6215
0.6195
0.622
0.6195
0.6255
0.6175
0.612
0.6105
0.6145
0.6185
0.617
0.6045
0.617
0.619
0.6155
0.618
0.6155
0.62
0.6205
0.6275
0.6265
0.6185
0.6265
0.626
0.626
0.618
0.618
0.6155
0.6165
0.632
0.6245
0.6335
0.625
0.6265
0.6265
0.624
0.629
0.6285
0.62
0.6305
0.63
0.6335
0.634
0.632
0.6275
0.6265
0.6305
0.635
0.6345
0.6275
0.6365
0.632
0.6275
0.635
0.6345
0.6295
0.6435
0.642
0.631
0.637
0.6385
0.645
0.6365
0.65
0.6465
0.6485
0.638
0.632
0.6365
0.6455
0.6445
0.644
0.6475
0.6365
0.6375
0.637
0.637
0.6465
0.635
0.6485
0.644
0.6395
0.644
0.6335
0.6465
0.647
0.654
0.646
0.64
0.646
0.6495
0.6465
0.649
0.651
0.646
0.6415
0.6405
0.6495
0.652
0.6415
0.641
0.6555
0.652
0.6545
0.6625
0.666
0.6635
0.6645
0.654
0.6515
0.6515
0.661
0.64
0.654
0.652
0.652
0.657
0.6555
0.658
0.6465
0.655
0.6505
0.659
0.6545
0.659
0.6505
0.6495
0.6525
0.6585
0.661
0.6535
0.649
0.6535
0.65
0.662
0.6565
0.65
0.6485
0.6585
0.6635
0.6685
0.658
0.6595
0.6665
0.6585
0.6515
0.6545
0.6665
0.6635
0.6645
0.667
0.6715
0.653
0.6735
0.657
0.66
0.663
0.672
0.6695
0.6645
0.6735
0.6655
0.6715
0.6765
0.667
0.6625
0.6615
0.6785
0.6655
0.6585
0.665
0.659
0.6685
0.6625
0.669
0.654
0.673
0.669
0.6865
0.6735
0.6685
0.681
0.6655
0.6725
0.662
0.6685
0.675
0.6695
0.669
0.674
0.673
0.674
0.6735
0.6725
0.6845
0.679
0.678
0.674
0.668
0.6815
0.6735
0.672
0.667
0.6735
0.668
0.669
0.667
0.6875
0.68
0.682
0.6775
0.674
0.6775
0.6845
0.6865
0.6905
0.686
0.687
0.6815
0.675
0.692
0.675
0.6765
0.6795
0.6825
0.68
0.69
0.689
0.6935
0.683
0.689
0.686
0.692
0.6855
0.6875
0.694
0.682
0.7025
0.687
0.685
0.6815
0.7
0.698
0.7
0.698
0.702
0.7015
0.702
0.712
0.7175
0.69
0.7075
0.6955
0.7075
0.698
0.7105
0.7095
0.703
0.7035
0.69
0.7025
0.7065
0.7115
0.6955
0.7015
0.7055
0.7095
0.7025
0.708
0.707
0.71
0.7025
0.7095
0.698
0.6975
0.7125
0.71
0.7005
0.697
0.7045
0.697
0.705
0.701
0.695
0.703
0.7135
0.7005
0.7085
0.7055
0.7065
0.6965
0.715
0.6835
0.6985
0.692
0.703
0.6985
0.703
0.717
0.6935
0.6865
0.713
0.7
0.705
0.713
0.703
0.6995
0.704
0.693
0.711
0.6975
0.72
0.7065
0.7065
0.6975
0.708
0.7025
0.7125
0.6935
0.709
0.699
0.7075
0.706
0.712
0.712
0.701
0.7035
0.7095
0.714
0.7005
0.699
0.712
0.696
0.711
0.703
0.705
0.7085
0.7035
0.7155
0.6975
0.7065
0.713
0.7115
0.706
0.708
0.713
0.7065
0.7025
0.7085
0.709
0.712
0.703
0.6965
0.715
0.7155
0.7145
0.7145
0.7055
0.709
0.715
0.721
0.712
0.7135
0.7035
0.724
0.713
0.7225
0.7125
0.7165
0.703
0.7205
0.721
0.7165
0.7135
0.7175
0.7205
0.719
0.7155
0.709
0.7315
0.7265
0.729
0.7235
0.725
0.719
0.7225
0.7175
0.725
0.7145
0.7205
0.7225
0.7255
0.7225
0.7285
0.723
0.731
0.715
0.7325
0.715
0.724
0.7295
0.7115
0.7235
0.72
0.724
0.727
0.714
0.7245
0.728
0.728
0.72
0.725
0.7275
0.734
0.7315
0.7255
0.738
0.7295
0.728
0.7285
0.7245
0.7395
0.7395
0.733
0.731
0.7315
0.7245
0.7225
0.7355
0.731
0.7415
0.725
0.7285
0.716
0.726
0.7375
0.731
0.736
0.7425
0.7425
0.7265
0.7345
0.7295
0.7355
0.7135
0.727
0.7275
0.7255
0.737
0.7345
0.733
0.7425
0.734
0.725
0.7345
0.7415
0.737
0.739
0.7405
0.729
0.7335
0.7375
0.737
0.7355
0.7315
0.731
0.7345
0.7475
0.7375
0.747
0.751
0.7355
0.7425
0.7305
0.732
0.7385
0.741
0.7425
0.7425
0.737
0.736
0.7395
0.744
0.7545
0.7425
0.74
0.734
0.749
0.746
0.742
0.7405
0.7405
0.7445
0.741
0.7395
0.7535
0.7385
0.752
0.7475
0.7415
0.7465
0.7315
0.7455
0.7425
0.7455
0.736
0.75
0.74
0.7415
0.7445
0.7435
0.741
0.7405
0.7415
0.7435
0.755
0.7415
0.747
0.755
0.7475
0.7475
0.751
0.747
0.7475
0.741
0.7585
0.7445
0.7515
0.7425
0.758
0.757
0.75
0.7495
0.7565
0.7635
0.7455
0.7485
0.757
0.7545
0.749
0.7425
0.7535
0.742
0.7535
0.734
0.7495
0.7515
0.7525
0.7605
0.758
0.746
0.743
0.7555
0.7465
0.753
0.7535
0.757
0.755
0.762
0.747
0.7475
0.7595
0.7555
0.763
0.7555
0.7615
0.762
0.752
0.7635
0.761
0.7535
0.7585
0.759
0.7635
0.7605
0.7685
0.7435
0.759
0.755
0.76
0.755
0.76
0.753
0.759
0.7505
0.7545
0.7515
0.7685
0.7535
0.748
0.7565
0.7575
0.757
0.7585
0.757
0.7635
0.762
0.7555
0.777
0.749
0.7645
0.758
0.7665
0.757
0.761
0.7615
0.7625
0.774
0.776
0.7665
0.767
0.7725
0.766
0.758
0.7735
0.7645
0.7615
