0.0995
0.101
0.1095
0.093
0.102
0.1005
0.107
0.0875
0.0975
0.4195
0.251
0.1635
0.14
0.117
0.079
0.0855
0.0985
0.129
0.1355
0.186
0.1955
0.182
0.165
0.169
0.159
0.164
0.159
0.1425
0.1425
0.1615
0.161
0.1545
0.1775
0.1785
0.155
0.173
0.1635
0.1775
0.1725
0.173
0.175
0.1835
0.187
0.176
0.1695
0.1685
0.188
0.187
0.198
0.187
0.18
0.1975
0.187
0.176
0.2035
0.1925
0.196
0.2025
0.2065
0.1935
0.2025
0.201
0.2235
0.2205
0.2075
0.2
0.2135
0.205
0.226
0.231
0.2255
0.244
0.232
0.2295
0.2175
0.2405
0.246
0.2335
0.2315
0.2345
0.2625
0.2595
0.247
0.2715
0.2405
0.2585
0.2635
0.2645
0.271
0.269
0.275
0.2715
0.266
0.283
0.285
0.2915
0.281
0.279
0.292
0.302
0.297
0.31
0.3225
0.318
0.316
0.2995
0.3125
0.32
0.3255
0.3385
0.3415
0.3335
0.333
0.329
0.3385
0.3455
0.367
0.3725
0.3745
0.371
0.3795
0.375
0.3895
0.3925
0.375
0.377
0.3885
0.386
0.401
0.384
0.391
0.4045
0.402
0.411
0.4135
0.4115
0.4115
0.4115
0.4165
0.4225
0.4345
0.432
0.4285
0.45
0.4455
0.455
0.4705
0.475
0.4665
0.4595
0.465
0.4595
0.4765
0.4755
0.4715
0.479
0.485
0.4815
0.509
0.5035
0.5015
0.5
0.508
0.5025
0.5075
0.522
0.5285
0.5215
0.531
0.5395
0.5405
0.559
0.5555
0.5575
0.5445
0.5575
0.554
0.5575
0.567
0.553
0.569
0.5735
0.572
0.5895
0.585
0.5915
0.581
0.5875
0.599
0.5905
0.602
0.6045
0.613
0.607
0.605
0.605
0.6155
0.6075
0.617
0.609
0.617
0.6155
0.625
0.6215
0.6185
0.616
0.626
0.6255
0.625
0.632
0.636
0.645
0.659
0.6585
0.6715
0.6615
0.663
0.67
0.6705
0.682
0.6715
0.6635
0.6615
0.6655
0.6705
0.671
0.675
0.662
0.678
0.6745
0.677
0.681
0.6765
0.673
0.675
0.6715
0.68
0.683
0.681
0.678
0.6845
0.6915
0.685
0.6835
0.6885
0.693
0.6925
0.6965
0.699
0.7
0.6925
0.693
0.697
0.697
0.6925
0.6935
0.696
0.697
0.6975
0.7025
0.6955
0.692
0.7015
0.691
0.696
0.6945
0.7035
0.7035
0.706
0.705
0.7105
0.7045
0.714
0.713
0.7
0.707
0.7115
0.7165
0.7165
0.726
0.7245
0.7235
0.727
0.734
0.728
0.732
0.7285
0.735
0.7385
0.739
0.749
0.741
0.745
0.744
0.7485
0.749
0.747
0.7425
0.7405
0.7395
0.739
0.736
0.7365
0.741
0.7415
0.741
0.738
0.74
0.7375
0.7395
0.742
0.742
0.7425
0.745
0.74
0.742
0.7445
0.7495
0.752
0.754
0.758
0.7575
0.7565
0.759
0.7605
0.757
0.756
0.7575
0.754
0.7515
0.7575
0.7585
0.7615
0.7675
0.771
0.772
0.7725
0.773
0.772
0.772
0.771
0.7675
0.772
0.7735
0.769
0.778
0.776
0.7745
0.775
0.771
0.7755
0.779
0.7845
0.7875
0.784
0.7865
0.7865
0.785
0.7895
0.794
0.7975
0.797
0.797
0.791
0.7925
0.789
0.7845
0.7865
0.7885
0.787
0.7875
0.7875
0.784
0.7885
0.7865
0.7875
0.788
0.7805
0.7805
0.78
0.7815
0.7845
0.786
0.7835
0.7825
0.783
0.781
0.7805
0.7855
0.792
0.7925
0.7915
0.788
0.792
0.789
0.796
0.7945
0.7945
0.797
0.7985
0.804
0.8
0.797
0.799
0.8
0.805
0.8055
0.804
0.799
0.795
0.794
0.7945
0.7975
0.7985
0.794
0.799
0.801
0.8015
0.8035
0.802
0.8005
0.7985
0.803
0.803
0.8
0.8015
0.803
0.802
0.8085
0.8025
0.807
0.811
0.8125
0.811
0.8145
0.815
0.8135
0.8145
0.813
0.813
0.8115
0.813
0.812
0.811
0.8085
0.8075
0.803
0.805
0.807
0.809
0.8095
0.81
0.811
0.813
0.8115
0.8115
0.8095
0.803
0.805
0.805
0.8045
0.802
0.804
0.805
0.8075
0.8055
0.809
0.8095
0.811
0.8095
0.812
0.813
0.81
0.813
0.8125
0.8135
0.811
0.813
0.8105
0.816
0.819
0.815
0.8165
0.817
0.82
0.8235
0.82
0.8215
0.822
0.819
0.819
0.818
0.823
0.822
0.8245
0.824
0.8245
0.824
0.8245
0.8265
0.825
0.8275
0.8285
0.8265
0.8265
0.829
0.8265
0.8235
0.8235
0.823
0.825
0.8255
0.8255
0.8255
0.822
0.828
0.8255
0.8265
0.829
0.829
0.829
0.8305
0.8295
0.8285
0.828
0.828
0.827
0.8275
0.8265
0.825
0.8265
0.8255
0.8295
0.826
0.827
0.8265
0.825
0.8285
0.8265
0.825
0.8255
0.8285
0.829
0.8285
0.8265
0.8255
0.8285
0.828
0.8315
0.832
0.8355
0.8355
0.834
0.835
0.8335
0.8315
0.83
0.833
0.83
0.83
0.828
0.827
0.8245
0.825
0.8245
0.823
0.823
0.825
0.8235
0.824
0.829
0.8325
0.8295
0.834
0.8315
0.8295
0.8305
0.831
0.833
0.834
0.8345
0.8315
0.8315
0.8335
0.8325
0.833
0.833
0.834
0.834
0.834
0.836
0.8365
0.834
0.8325
0.832
0.83
0.8285
0.8335
0.833
0.833
0.8315
0.8315
0.8295
0.832
0.83
0.8305
0.829
0.8285
0.833
0.8305
0.831
0.832
0.8325
0.832
0.833
0.8355
0.8345
0.833
0.837
0.8365
0.8385
0.837
0.835
0.836
0.836
0.835
0.8345
0.836
0.8365
0.832
0.83
0.83
0.831
0.8305
0.828
0.827
0.8275
0.8295
0.8325
0.8325
0.8295
0.829
0.8295
0.8285
0.827
0.8305
0.83
0.8295
0.83
0.832
0.8315
0.8355
0.834
0.836
0.8365
0.838
0.8395
0.841
0.8405
0.8385
0.8405
0.8385
0.8385
0.8395
0.84
0.838
0.8365
0.836
0.836
0.8365
0.836
0.8335
0.835
0.8355
0.836
0.837
0.84
0.839
0.8385
0.839
0.839
0.84
0.8385
0.839
0.841
0.843
0.843
0.845
0.8455
0.844
0.844
0.843
0.8455
0.8435
0.8425
0.842
0.842
0.843
0.8445
0.8425
0.84
0.839
0.8405
0.84
0.839
0.84
0.8405
0.84
0.84
0.838
0.838
0.8355
0.8345
0.8385
0.8385
0.839
0.841
0.8405
0.8405
0.8405
0.841
0.844
0.845
0.843
0.8435
0.8445
0.844
0.8435
0.845
0.8445
0.8405
0.8435
0.843
0.8485
0.8505
0.851
0.852
0.852
0.851
0.8505
0.8495
0.8495
0.853
0.8505
0.851
0.8505
0.8515
0.853
0.8525
0.852
0.8515
0.855
0.856
0.854
0.856
0.857
0.857
0.8565
0.8545
0.853
0.855
0.8575
0.856
0.8535
0.8545
0.852
0.8525
0.854
0.8535
0.854
0.855
0.855
0.855
0.855
0.8535
0.852
0.852
0.853
0.852
0.8505
0.849
0.848
0.8475
0.8465
0.8485
0.851
0.851
0.849
0.85
0.8495
0.8485
0.852
0.852
0.85
0.8505
0.851
0.851
0.8495
0.8485
0.85
0.8485
0.85
0.8475
0.8455
0.8465
0.848
0.8475
0.8475
0.8495
0.8465
0.846
0.8415
0.843
0.842
0.845
0.846
0.8465
0.846
0.846
0.846
0.8485
0.848
0.8495
0.8505
0.8525
0.854
0.8535
0.8555
0.855
0.855
0.8565
0.858
0.8585
0.856
0.857
0.8565
0.856
0.855
0.855
0.855
0.855
0.8545
0.8545
0.853
0.852
0.8495
0.8495
0.849
0.851
0.8495
0.8495
0.853
0.8535
0.855
0.8515
0.852
0.8515
0.852
0.8525
0.853
0.854
0.8545
0.85
0.85
0.8475
0.8465
0.8465
0.846
0.846
0.848
0.8495
0.85
0.8495
0.8495
0.8485
0.8485
0.848
0.851
0.848
0.848
0.847
0.848
0.8475
0.8495
0.849
0.8515
0.8485
0.8485
0.8485
0.8485
0.849
0.85
0.8495
0.8495
0.8505
0.852
0.851
0.852
0.8515
0.8525
0.852
0.8505
0.85
0.8505
0.8505
0.8505
0.8505
0.8505
0.85
0.8505
0.853
0.8525
0.8525
0.853
0.8545
0.853
0.853
0.8525
0.851
0.853
0.853
0.8505
0.8495
0.8525
0.85
0.85
0.8535
0.852
0.8535
0.853
0.8545
0.854
0.8545
0.854
0.854
0.8535
0.8545
0.853
0.855
0.856
0.858
0.8585
0.858
0.8585
0.8585
0.859
0.855
0.855
0.8545
0.8585
0.8575
0.8585
0.8585
0.86
0.86
0.8585
0.861
0.859
0.857
0.86
0.86
0.8625
0.861
0.861
0.8595
0.858
0.8575
0.8595
0.8585
0.8605
0.8605
0.861
0.8615
0.8615
0.8625
0.8625
0.861
0.862
0.8615
0.8615
0.8605
0.862
0.8625
0.861
0.8615
0.862
0.8615
0.86
0.8585
0.859
0.858
0.858
0.857
0.855
0.8555
0.8555
0.8565
0.8575
0.8575
0.858
