788.0
907.0
1172.0
1250.0
1351.0
1368.0
1383.0
1423.0
1478.0
1590.0
1613.0
1649.0
1741.0
1842.0
1879.0
1903.0
1985.0
2017.0
2142.0
2158.0
2185.0
2207.0
2256.0
2286.0
2318.0
2339.0
2531.0
2559.0
2573.0
2595.0
2676.0
2697.0
2745.0
2765.0
2796.0
2813.0
2845.0
2881.0
2915.0
2958.0
2993.0
3010.0
3026.0
3061.0
3082.0
3095.0
3192.0
3202.0
3216.0
3243.0
3267.0
3275.0
3292.0
3307.0
3328.0
3365.0
3373.0
3382.0
3394.0
3418.0
3432.0
3461.0
3482.0
3524.0
3571.0
3702.0
3729.0
3770.0
3842.0
3855.0
3935.0
3976.0
4025.0
4057.0
4076.0
4095.0
4144.0
4155.0
4184.0
4223.0
4232.0
4240.0
4258.0
4268.0
4275.0
4282.0
4297.0
4315.0
4324.0
4331.0
4362.0
4370.0
4377.0
4386.0
4394.0
4414.0
4421.0
4428.0
4482.0
4489.0
4516.0
4562.0
4569.0
4584.0
4612.0
4620.0
4662.0
4678.0
4685.0
4697.0
4704.0
4719.0
4726.0
4733.0
4756.0
4763.0
4795.0
4802.0
4814.0
4821.0
4855.0
4862.0
4901.0
4915.0
4923.0
4932.0
4939.0
4946.0
4953.0
4960.0
4971.0
4998.0
5005.0
5012.0
5019.0
5026.0
5051.0
5058.0
5070.0
5077.0
5088.0
5116.0
5123.0
5136.0
5143.0
5161.0
5180.0
5221.0
5245.0
5277.0
5334.0
5349.0
5370.0
5387.0
5413.0
5433.0
5450.0
5458.0
5466.0
5476.0
5486.0
5494.0
5522.0
5531.0
5538.0
5554.0
5561.0
5568.0
5575.0
5587.0
