1791.0
2419.0
2456.0
2598.0
2677.0
2694.0
2711.0
2736.0
2773.0
2792.0
2874.0
2945.0
3195.0
3272.0
3353.0
3479.0
3520.0
3569.0
3645.0
3669.0
3708.0
3730.0
3740.0
3755.0
3762.0
3815.0
3846.0
3861.0
3882.0
3890.0
3917.0
3925.0
3932.0
3944.0
3979.0
3993.0
4019.0
4040.0
4052.0
4063.0
4116.0
4132.0
4158.0
4171.0
4180.0
4200.0
4222.0
4261.0
4275.0
4289.0
4315.0
4322.0
4386.0
4417.0
4443.0
4457.0
4476.0
4494.0
4504.0
4513.0
4520.0
4530.0
4548.0
4559.0
4587.0
4608.0
4615.0
4622.0
4640.0
4663.0
4672.0
4696.0
4705.0
4717.0
4724.0
4733.0
4745.0
4755.0
4772.0
4798.0
4815.0
4822.0
4849.0
4906.0
4915.0
4955.0
4972.0
4989.0
4999.0
5006.0
5014.0
5055.0
5062.0
5072.0
5094.0
5156.0
5184.0
5200.0
5208.0
5221.0
5229.0
5240.0
5247.0
5254.0
5292.0
5307.0
5317.0
5325.0
5344.0
5377.0
5393.0
5405.0
5443.0
5462.0
5474.0
5482.0
5523.0
5531.0
5556.0
5580.0
5587.0
5605.0
5612.0
5619.0
5626.0
5633.0
5672.0
5679.0
5698.0
5705.0
5712.0
5719.0
5726.0
5770.0
5777.0
5784.0
5812.0
5829.0
5836.0
5843.0
5851.0
5858.0
5865.0
5872.0
5879.0
5886.0
5905.0
5912.0
5923.0
6002.0
6014.0
6134.0
6208.0
6299.0
6317.0
6371.0
6398.0
6446.0
6486.0
6503.0
6521.0
6530.0
6556.0
6596.0
6604.0
6651.0
6660.0
6671.0
6685.0
6694.0
