525.0
801.0
985.0
1082.0
1154.0
1245.0
1350.0
1438.0
1494.0
1533.0
1559.0
1731.0
1754.0
1777.0
1839.0
1853.0
1866.0
1924.0
1995.0
2040.0
2094.0
2109.0
2244.0
2309.0
2403.0
2450.0
2489.0
2510.0
2530.0
2544.0
2578.0
2621.0
2681.0
2731.0
2805.0
2878.0
2910.0
2936.0
2973.0
3009.0
3043.0
3059.0
3081.0
3099.0
3116.0
3163.0
3192.0
3216.0
3248.0
3283.0
3307.0
3375.0
3442.0
3500.0
3515.0
3530.0
3542.0
3568.0
3622.0
3643.0
3653.0
3664.0
3708.0
3760.0
3802.0
3814.0
3821.0
3839.0
3870.0
3885.0
3925.0
3947.0
3987.0
3997.0
4005.0
4020.0
4042.0
4086.0
4097.0
4118.0
4136.0
4187.0
4251.0
4258.0
4276.0
4284.0
4292.0
4299.0
4321.0
4328.0
4346.0
4353.0
4360.0
4402.0
4444.0
4483.0
4512.0
4531.0
4550.0
4587.0
4612.0
4665.0
4673.0
4680.0
4691.0
4703.0
4710.0
4748.0
4772.0
4799.0
4820.0
4865.0
4892.0
4937.0
4971.0
4991.0
5002.0
5020.0
5030.0
5039.0
5052.0
5061.0
5080.0
5099.0
5106.0
5113.0
5121.0
5163.0
5173.0
5231.0
5239.0
5246.0
5277.0
5288.0
5295.0
5302.0
5311.0
5318.0
5339.0
5347.0
5372.0
5379.0
5386.0
5405.0
5417.0
5434.0
5441.0
5448.0
5455.0
5494.0
5514.0
5526.0
5533.0
5550.0
5565.0
5572.0
5581.0
5588.0
5595.0
5602.0
5609.0
5616.0
5623.0
5630.0
5637.0
5644.0
5662.0
5673.0
5682.0
5697.0
